Sexo,P1,P7,P16,P22,P27,P29,P38,CAT_IMC
Hom,77.4,54.2,103,37.7,26.3,18.8,165.4,OBESO
Hom,85.5,63.2,92.8,38.6,25.7,18.5,176.6,NORMAL
Hom,91.6,60.2,104,38.6,26.5,20.2,172.4,OBESO
Hom,77,57.2,87.4,36.5,25,18.8,173.3,NORMAL
Hom,65.8,57.1,82.3,36.4,25.3,19.2,165.3,NORMAL
Hom,71.1,55.6,89.8,37.3,24.4,18.2,163.8,NORMAL
Hom,,54.5,89.3,36.2,25.5,18.2,165.7,NORMAL
Hom,74.9,60.1,92,37.7,24.5,18.3,162.6,OBESO
Hom,73.6,55.1,88.9,36.5,25,17.8,170.4,NORMAL
Hom,56.2,48.9,75.4,33.7,26.3,19.3,171.1,DELGADO
Hom,79.1,58.1,91.3,37.4,25.2,18.8,170.8,NORMAL
Hom,87.4,61.1,91.2,40.5,27.8,20.5,179.9,NORMAL
Hom,63.1,52.4,81.1,34.8,25.4,18.5,166.5,NORMAL
Hom,70.6,55.8,85.1,35.5,24,18.7,166.4,NORMAL
Hom,78.8,62.7,82.4,38.5,27.2,20,173.6,NORMAL
Hom,61.9,54.5,,33.3,25.3,17.4,163,NORMAL
Hom,52,48,67.9,31.7,24.5,18.6,166.8,DELGADO
Hom,72,57.3,88.9,35.4,23.6,17.6,164.9,NORMAL
Hom,74.8,53.9,88.5,37.6,25.6,18.7,172.8,NORMAL
Hom,60.1,51.1,78.6,33.6,24.8,17.5,170.1,NORMAL
Hom,84.8,57.6,102.3,38.2,25.4,19,170.2,OBESO
Hom,66.2,53.5,86.9,34.9,24.5,18.7,165.8,NORMAL
Hom,88.9,60.6,104.4,39.4,24.5,18.4,167.4,OBESO
Hom,67.5,52.3,88.2,36,26.5,19.6,173.7,NORMAL
Hom,85.5,61.3,98.6,39,25.1,19.4,,OBESO
Hom,95.3,66.6,113.6,42,26.1,19.2,169.1,OBESO
Hom,75.4,58.1,92.6,37.5,25.1,18.1,170.1,NORMAL
Hom,77.5,58.7,97,37.4,22.9,16.6,160.7,OBESO
Hom,66.8,54,89.3,35.3,25.6,19.3,162.2,NORMAL
Hom,83.5,60.2,96.7,41.6,25.2,18.2,166.5,OBESO
Hom,80.6,,86.3,36.1,27.4,20.3,178.8,NORMAL
Hom,74.9,58.7,92.9,37.1,24.4,17.8,162.4,OBESO
Hom,84.2,60.7,95.9,38.8,24.2,18.6,171.6,OBESO
Hom,70.4,53.8,84,36.2,25.1,18.7,170.8,NORMAL
Hom,82.3,61.7,88.2,38.2,26.3,19,182.6,NORMAL
Hom,87.3,62.8,105,40.2,25.3,19.1,169.4,OBESO
Hom,94.9,64.7,102.3,41.2,25.1,19.2,166.6,OBESO
Hom,87.8,64.4,96.9,39.9,25,18.7,169.8,OBESO
Hom,71,58.9,88.5,37.4,24.2,17.6,162.8,NORMAL
Hom,83.1,59.2,92.3,38.3,,19.7,174,NORMAL
Hom,84.6,59.9,101.9,37.4,27.1,,172.7,OBESO
Hom,64.3,53.6,80.6,35.5,25.5,18.6,173.5,NORMAL
Hom,79.7,60.4,91.2,38.6,26,19.6,173.9,NORMAL
Hom,64.8,55.2,74.4,36.1,24.4,18.1,172.8,NORMAL
Hom,65.3,58.5,82.9,34.7,23.7,18.2,159.3,NORMAL
Hom,69.1,58.2,78,38.2,26.5,19,176.8,NORMAL
Hom,69.2,51.1,87.4,36.2,26.4,19.1,170.5,NORMAL
Hom,58,51.5,74.4,35.3,26.1,,165.4,NORMAL
Hom,57,51.3,76,31.7,24.5,17.4,165,NORMAL
Hom,87.4,67.3,98,41.1,25.3,19.2,166.5,OBESO
Hom,83.4,57.3,89.8,38.9,27.3,19.5,184.1,NORMAL
Hom,71.4,56.9,83.4,33.5,25.4,18.6,176.7,NORMAL
Hom,81,54.2,95.6,34.2,25.7,19.6,179.5,NORMAL
Hom,89.2,62.7,97.3,38.8,26.2,19.6,173.6,OBESO
Hom,84.1,63.3,95,38.4,24.4,19.3,169.3,OBESO
Hom,75.8,58.7,88.2,36.1,25.5,19.1,172.9,NORMAL
Hom,87.9,62.3,91.8,39.4,27,19.2,177.1,OBESO
Hom,117.3,70.1,111.5,44,26.8,19.2,181.3,OBESO
Hom,74.2,58.1,84,37.9,26,19,176.6,NORMAL
Hom,74.6,57.7,95.7,35.6,24.6,17.6,164.6,NORMAL
Hom,80.3,58.1,92.3,35.1,25.1,17.3,171.4,NORMAL
Hom,61.6,51.5,76.5,33.5,26.2,18.5,178.7,DELGADO
Hom,66.8,57.4,83.4,35.6,24.2,17.7,,NORMAL
Hom,72.7,57,93.1,34.8,25.8,18.8,170.3,NORMAL
Hom,83.5,60.5,100.8,41.5,24,18.3,166.2,OBESO
Hom,59.4,52.9,79.8,34.6,24.5,17.5,166.4,NORMAL
Hom,79.8,62,91.1,39.8,26.7,19.3,177.7,NORMAL
Hom,65.5,52.5,90,34.2,24.5,18.3,160.9,NORMAL
Hom,91.8,65.7,99.2,37.7,24.6,18.7,175.7,OBESO
Hom,76.1,56.1,88.3,35.6,26.5,19.1,177.3,NORMAL
Hom,74.4,57,93,35.8,25.1,18.3,166.5,NORMAL
Hom,81.5,62,98.3,38.7,24.6,17.3,162.2,OBESO
Hom,78.7,60.4,92,38.2,24.8,17.8,166,OBESO
Hom,80,61.8,98.7,39.9,24.9,18,170.4,NORMAL
Hom,75.1,56.6,83.9,35,25.7,18.9,174.5,NORMAL
Hom,101.2,67.8,104.3,42,,20.2,179.5,OBESO
Hom,87.2,65.4,96.2,41.1,25.4,18.4,170.2,OBESO
Hom,67.7,54.9,86.2,34.1,24,16.9,163.9,NORMAL
Hom,78.4,58.8,87.7,36.9,27,19.8,179.3,NORMAL
Hom,63.8,49.3,75.1,34.7,27.9,20.4,184.9,DELGADO
Hom,72.5,60.3,86.2,36.8,24.6,17.8,168.1,NORMAL
Hom,91.9,64.7,99.1,39.6,25.3,19.4,175.9,OBESO
Hom,66.6,56.7,84.2,33.3,25.9,19,171.6,NORMAL
Hom,59.4,55.3,89.4,35.4,24.3,18.5,164.8,NORMAL
Hom,100.5,64.3,107.7,40.4,27.2,20.9,178.1,OBESO
Hom,66,54,77,33.4,25.1,19.1,177.1,NORMAL
Hom,69.6,58.1,80.4,33.5,25,18.3,170.5,NORMAL
Hom,70.5,58,89.3,36.1,23.5,17.8,164,NORMAL
Hom,66.7,55.2,78.5,32.6,26.9,18.9,168.1,NORMAL
Hom,71.9,59.8,88.7,36.9,23.9,17.9,162,NORMAL
Hom,72.2,54.2,85.7,35.8,26.9,18.5,173.8,NORMAL
Hom,77.5,56.3,91.2,35.5,25.7,18.9,171.1,NORMAL
Hom,84.6,60.7,92.3,36.9,26.7,19.6,175.3,NORMAL
Hom,95.4,64.6,96.3,39.8,27.1,20.2,183.6,OBESO
Hom,54.9,50.2,77.5,30.8,24,17.6,157.9,NORMAL
Hom,81.1,62.2,93.8,37.5,27.2,19.6,177.7,NORMAL
Hom,104.4,68.6,102.4,42.2,26.9,19.5,186.6,OBESO
Hom,72.8,56.9,78.2,35.2,27,20.3,179,NORMAL
Hom,54.6,49.5,68.6,30.7,23,18.3,159.5,NORMAL
Hom,72.7,55.7,86.5,34.8,27.2,19.6,174.5,NORMAL
Hom,81.7,59.2,87.6,37.3,27.2,19.9,185,NORMAL
Hom,,55.2,77.6,33.5,25.2,18.5,172,NORMAL
Hom,75.5,59.8,84.8,35.3,25.1,18.7,174.5,NORMAL
Hom,78.9,60.7,81.8,37.1,28.1,20.8,180.6,NORMAL
Hom,66.5,55.1,79.7,33.8,24.7,18.3,169.5,NORMAL
Hom,86.9,65.6,94,39,26.1,19.1,176.3,OBESO
Hom,80.2,59.9,96.1,39.3,24.6,18.6,168.2,OBESO
Hom,68.7,56.9,81,35,26.3,19.7,174.5,NORMAL
Hom,75.8,59.1,87.3,35.6,26.3,19.5,176.1,NORMAL
Hom,61.2,52.5,77.3,32.8,25.2,18.5,168.7,NORMAL
Hom,70.2,57.4,82,35.2,25.4,18.3,171.2,NORMAL
Hom,,50.7,70,35,28,20,187.7,DELGADO
Hom,80.2,60,91.1,34.4,25.2,19.5,176.6,NORMAL
Hom,65.4,52.7,81.1,34.5,24.2,18.1,168.6,NORMAL
Hom,103.2,68.3,90.9,40.6,28.8,21.7,194.5,NORMAL
Hom,79.5,55.9,91.7,35.7,26.3,18.8,173.5,NORMAL
Hom,74.7,57.5,90.3,36.1,25.6,18.6,168.5,NORMAL
Hom,51.8,49.4,70.1,31.1,24.1,16.9,155.9,NORMAL
Hom,71.2,,85,34.6,25.1,19.6,172.8,NORMAL
Hom,72.7,59.3,86,38.3,25.2,18.4,166.4,NORMAL
Hom,80.9,63.8,84.7,39.2,25.5,18.4,173.3,NORMAL
Hom,64.8,54.9,84.4,33.5,24.8,17.7,161.8,NORMAL
Hom,68.7,54.5,84,33,25.6,18.7,177.3,NORMAL
Hom,69.2,53.9,73.2,32.6,28.1,20.2,192.8,DELGADO
Hom,48.6,45.6,68.2,28.7,24.4,18.1,168.2,DELGADO
Hom,72.1,59.2,82.2,36.1,25.9,19,175.2,NORMAL
Hom,78.8,57,98.7,36.5,27.7,20.1,174.3,NORMAL
Hom,76.8,58.2,89.4,36.5,26.3,19,171,NORMAL
Hom,68.2,54.2,82.3,35.3,27,19.7,174.5,NORMAL
Hom,53.4,47.9,69,33,24.7,17.9,171.8,DELGADO
Hom,51.3,47.1,69.6,30.5,23.4,17.8,162.4,DELGADO
Hom,78.1,59,84.6,36.5,26.1,19.2,176.6,NORMAL
Hom,75,59.7,79.6,35.6,26.4,19.8,175.6,OBESO
Hom,74.6,56.2,90.4,34.5,26.4,19,173.4,NORMAL
Hom,63.4,53.5,83.9,33,24.5,18,166.1,NORMAL
Hom,64.8,55.6,84.6,,24.2,17.7,162.8,NORMAL
Hom,75.3,57.3,97.2,36.2,24.3,17.8,167.7,NORMAL
Hom,70.8,57.8,84,34,24.9,18.5,163.8,NORMAL
Hom,80.7,57.3,98.1,36.3,24.1,18,169.2,OBESO
Hom,114.5,72.1,105.2,43.8,25.7,19.1,183.6,OBESO
Hom,67.9,54.3,86.4,33.1,24.7,18.8,172,NORMAL
Hom,92.4,58.2,100.4,38.5,28,20.7,185.4,NORMAL
Hom,66.7,53.4,75.3,33.8,27.2,19.8,176.7,NORMAL
Hom,71.9,56.1,86.2,35.7,26.2,18.9,164.2,NORMAL
Hom,81.4,60.6,95.6,36.2,25.1,19,175.6,NORMAL
Hom,63.7,52.4,77.5,34.1,25.4,17.8,173.9,NORMAL
Hom,63.4,54.4,81.1,32.8,26.1,18.9,170.4,NORMAL
Hom,79.3,59.6,91.3,38.1,25.2,18.4,173.5,NORMAL
Hom,85.1,63.6,97,38.2,26.2,19.2,172.4,OBESO
Hom,56.8,49.1,77.9,31.4,25.5,19.1,176,DELGADO
Hom,68.6,55.9,83.2,35.3,26,18.1,168.7,NORMAL
Hom,101.6,65.2,114,,26,19.2,160.7,OBESO
Hom,75.4,56.3,98.6,34.3,25.5,17.8,166.2,NORMAL
Hom,78.3,57.8,95.4,35.4,25.9,19.7,167.7,NORMAL
Hom,83.9,57.7,100.4,37,27.1,18.9,181,NORMAL
Hom,79.3,65.3,91.3,38.3,24.9,18.4,169.4,NORMAL
Hom,86.4,61.5,97,35.7,25.2,17.8,170.6,OBESO
Hom,54.6,44.9,69.2,32.5,,19,179.8,DELGADO
Hom,84.3,60.1,93.5,38.2,25.8,19.9,175.3,NORMAL
Hom,76.4,57.9,91.2,35.6,25.6,19.5,172.2,NORMAL
Hom,77.2,58,95.3,35.6,24.3,17.8,164,OBESO
Hom,77.3,59.9,91.1,35.3,24.8,18.1,168.7,NORMAL
Hom,78.4,58.4,93.4,36.4,26,19.7,168.7,NORMAL
Hom,55.8,50.1,67.9,33.5,25.7,18.4,165.9,NORMAL
Hom,73.5,56.2,86,34.8,27.9,20.2,183.1,NORMAL
Hom,80.2,59.3,101.1,37,23.2,17.6,168.5,OBESO
Hom,88.7,,103.7,37,25.5,19.5,171.7,OBESO
Hom,69.1,57.3,84.4,35.1,24.5,18.3,166.8,NORMAL
Hom,57.6,53,73.3,32.3,25.4,17.9,171.1,DELGADO
Hom,70,57.9,86.3,35.2,24.5,19.2,168.4,NORMAL
Hom,87.5,62,95.9,36.5,26.6,19.8,173.5,OBESO
Hom,75.4,55.8,98.2,34.4,24.5,18,157.9,OBESO
Hom,57,48.7,73,31.4,25.8,18.9,168.3,NORMAL
Hom,91.9,69.1,92.5,38.6,26.7,19.6,179,OBESO
Hom,89.5,63.9,105.1,38.5,25.7,19.3,168.6,OBESO
Hom,69.6,53.9,78.7,34.9,27.6,,172.6,NORMAL
Hom,66.9,55.9,76.3,33.7,26.5,19.1,174.6,NORMAL
Hom,53.9,,70.9,30.3,24.5,18.1,166,DELGADO
Hom,53.1,45.7,66.3,31.7,24.6,18,173.4,DELGADO
Hom,67.2,59.5,78.8,34.8,24.4,17.5,165.7,NORMAL
Hom,81,61.9,94.3,37,26.8,19.6,173,NORMAL
Hom,78.3,62.4,90.8,35.8,25.2,19.1,172.2,NORMAL
Hom,72.5,55.7,80.5,32.9,26.1,19.1,181.8,NORMAL
Hom,66.1,55.3,79.2,34.5,26.2,19,168.7,NORMAL
Hom,70.2,55,85.3,35.2,24.9,18.1,169.9,NORMAL
Hom,72,55.5,87.2,34.7,26.2,19.9,174,NORMAL
Hom,72.6,57.5,84.9,35.7,25.2,19.6,171.2,NORMAL
Hom,95.5,68,99.6,42.3,25,19.3,172.2,OBESO
Hom,111.9,70.3,110.4,42.6,28.9,19.6,183.8,OBESO
Hom,80.5,59.8,96.2,38,26,18.7,169.9,NORMAL
Hom,71.6,56.6,91.1,36.3,25,17.9,164,NORMAL
Hom,64.8,56.1,86.4,35.7,22.4,17,160.8,NORMAL
Hom,84.3,58.8,,38.5,26.4,18.5,170.9,OBESO
Hom,68.1,57.2,83.4,35.4,26.5,18.9,168,NORMAL
Hom,78.3,60.9,89.4,37.7,26.2,19.4,173.7,NORMAL
Hom,74.1,56.2,86.8,35.9,27.4,19.1,172.2,NORMAL
Hom,64.3,51.8,88.7,33.7,25.4,18.3,166.4,NORMAL
Hom,65,51,79.5,35.1,26.6,19.5,,NORMAL
Hom,70.5,56.9,95.2,33.9,23.2,17.8,163.3,NORMAL
Hom,87.7,60.8,93,37.7,25.9,19.4,176.6,OBESO
Hom,86.9,65,94.1,38.1,24.9,18.5,176.3,OBESO
Hom,78.7,58.1,95.8,35.3,25.6,18.8,168,NORMAL
Hom,69,56,88.2,35.7,25.1,17.8,165.5,NORMAL
Hom,80.7,58.1,97.5,38,24.8,18.3,170.1,NORMAL
Hom,91.6,63.3,89,38.8,27.2,20.5,182.4,NORMAL
Hom,71,49.5,82.3,35.3,26.4,18.5,175.1,NORMAL
Hom,76.3,61,84.6,39.1,25.2,18.5,174.7,NORMAL
Hom,68.9,48.2,91.1,32.5,26.5,19.1,178.2,NORMAL
Hom,73.3,55.4,83.9,35.7,26,19.3,178,NORMAL
Hom,59.6,52.5,73.5,33.9,25.2,17.7,168.3,NORMAL
Hom,66.7,58.6,94.9,37.6,21.4,15.9,144,OBESO
Hom,68.1,56.8,83.4,34.4,23.9,18,164.1,NORMAL
Hom,82,58.5,91.1,36.4,27.3,19.5,181.3,NORMAL
Hom,77.3,60.2,87.7,38.3,26.4,19.2,172.8,NORMAL
Hom,69.6,56.4,86.3,34.6,25,18.8,163.4,NORMAL
Hom,89.4,65.3,91.5,37.8,26.3,18.9,175.3,OBESO
Hom,74.6,57,84.7,34.4,26.1,18.3,177,NORMAL
Hom,79.3,57.7,93.9,36.6,26.1,18.8,174.1,NORMAL
Hom,66.4,54.3,80,32.9,26.1,19.4,172.4,NORMAL
Hom,62.2,53.4,76,34.6,25.2,18,171.4,NORMAL
Hom,54,47.7,74.3,31.5,25.3,18.6,166.6,DELGADO
Hom,65.1,54.7,79.5,35.3,24.9,18.2,164.8,NORMAL
Hom,72.9,57.6,83.3,36.2,,17.8,169.5,NORMAL
Hom,76.1,57.4,85,36.4,25.6,18.7,182.3,NORMAL
Hom,88.1,64.8,100.1,40.1,26.3,18.4,170.3,OBESO
Hom,68.7,56,80.7,35.2,25,18.8,169.2,NORMAL
Hom,70.6,58.6,82.9,34.4,25.6,19.2,164.2,NORMAL
Hom,78.7,61.9,91.5,35.9,26,19.2,166.9,OBESO
Hom,62.7,52.3,76.4,33.5,26.2,18.5,172.4,NORMAL
Hom,63.9,52.8,75.3,33.7,24.5,17.3,167.8,NORMAL
Hom,67.4,52.1,79.6,31.7,26.2,19.8,175.9,NORMAL
Hom,51.7,44.5,71.9,30,25.7,18.2,163.9,DELGADO
Hom,65.4,56.2,83.7,34,24.7,17.2,161.7,NORMAL
Hom,69.4,55.2,79.7,35.4,24.4,18,169.9,NORMAL
Hom,58.7,50.4,72.5,31.3,25.2,18.7,167.3,NORMAL
Hom,66.5,53.2,86.3,34.4,25.5,18.4,170.3,NORMAL
Hom,57.2,49.2,78.3,31.6,24.9,18.9,160.5,NORMAL
Hom,75.3,54.6,89.5,35.1,27.2,20,173.4,NORMAL
Hom,56.9,46,,31.6,25.2,19.6,169.6,DELGADO
Hom,69.4,51,82.4,33.4,25.5,18.8,173.2,NORMAL
Hom,62.5,51,79.3,35.1,26.2,18.1,171.7,NORMAL
Hom,58,52.3,80,34.1,23.5,17.1,159.8,NORMAL
Hom,72,55.4,96.2,35,24.8,17.9,165.9,NORMAL
Hom,89.6,63,96.9,36.3,27.4,19.9,174.3,OBESO
Hom,81.8,58.1,92.5,36.7,27.8,20.7,174.3,NORMAL
Hom,63.7,55.7,79.3,34.7,25.2,18.5,166.9,NORMAL
Hom,72.5,57.6,88.1,36.9,23.8,17.5,166.3,NORMAL
Hom,78.1,60.2,85.8,36,27.5,20.1,168.6,NORMAL
Hom,58.4,51.7,72.5,32.9,26.2,18.7,170.1,NORMAL
Hom,73.6,57.7,91.7,37.1,24.8,17.6,162.1,OBESO
Hom,73.3,53.3,90.3,35.6,24.5,18.7,167.4,NORMAL
Hom,53.2,47.3,72.3,30.4,24.3,17.8,163.3,NORMAL
Hom,58.8,49.6,78.2,30.9,24.6,17.7,162.3,NORMAL
Hom,66.6,53.9,85.1,33.5,24.1,18.1,168.2,NORMAL
Hom,71,51.8,82.5,34.1,27.9,19.8,178.9,NORMAL
Hom,87,62.1,93.8,38.5,27,20,179,NORMAL
Hom,72.9,52.5,84.4,34.9,27,20.5,175.2,NORMAL
Hom,63.4,53,77.2,32.8,26.4,19.1,176.4,NORMAL
Hom,62.5,53.3,74.2,33.3,25.3,19.2,173.7,NORMAL
Hom,,63.4,98.9,38.8,25.9,19.2,171.8,OBESO
Hom,67.4,51.7,87,35.5,27.6,20.1,170.8,NORMAL
Hom,65.8,55.3,77.5,33.2,24.2,18.3,168.7,NORMAL
Hom,59.5,51.3,79.5,32.3,24.9,18.1,165.4,NORMAL
Hom,76.2,56.3,82.7,33.6,27.7,21,181.1,NORMAL
Hom,54.5,46.8,74.2,31.9,23.9,17.9,166.9,DELGADO
Hom,62,50.5,77.9,33.8,25.8,19.3,170.2,NORMAL
Hom,78.7,64,82.2,36.8,25.6,18.6,178.3,NORMAL
Hom,60.5,51.1,77.5,31.2,24.7,18.1,165.1,NORMAL
Hom,66.8,51.5,77.7,33.5,27.2,19.5,174.4,NORMAL
Hom,72.1,58.3,86.5,34.9,25.4,19.4,168.5,NORMAL
Hom,58.8,47.5,73.5,31.5,26.5,18.6,178.3,DELGADO
Hom,60,46.6,72,33.7,28.4,19.6,176.1,DELGADO
Hom,,57.5,78.4,34.2,25,18.3,164.7,NORMAL
Hom,60.4,52.4,76.6,33.1,25,17.7,166.1,NORMAL
Hom,66,54.3,90.1,33.5,24,17.9,159.9,NORMAL
Hom,70.9,59.1,86.8,34.9,24.3,18,168.1,NORMAL
Hom,69.2,56.8,84.8,35.2,25.1,18.2,165.7,NORMAL
Hom,58.4,50.8,80.9,32.5,23.6,17.5,159.5,NORMAL
Hom,67.4,51,76.7,33.5,27.5,20.2,180.6,NORMAL
Hom,67.5,54.3,84,32.8,25.7,18.8,166.6,NORMAL
Hom,74.6,58.5,88.1,35.7,25.6,19,164.4,NORMAL
Hom,92.1,66.8,96.6,36.8,27.6,20,176.8,OBESO
Hom,71.3,59,86.6,36.1,23.8,17.7,164.7,NORMAL
Hom,101.2,65.9,101.3,41.9,27.8,19.3,178.7,OBESO
Hom,69,57.7,83,35.4,25.5,18.4,168.6,NORMAL
Hom,62.1,49,81.4,35.6,26.2,18.6,169,NORMAL
Hom,83.7,59.6,101.3,36.7,23.6,17.4,160.3,OBESO
Hom,76.5,59.2,82.2,37.5,26.5,18.5,171.3,NORMAL
Hom,80.9,63,94,38.9,25,18.5,168.5,OBESO
Hom,64.2,53.6,74.2,33.5,24.1,18.6,168.8,NORMAL
Hom,58.9,48.3,78,32.3,26.8,20.2,174.5,DELGADO
Hom,87.8,61.4,96,37.1,25,19.1,176,OBESO
Hom,71.4,55.7,92,36.6,,18.8,160.4,NORMAL
Hom,55.4,48.5,72.2,29.6,23.4,,172,DELGADO
Hom,67.2,52,77.3,35.3,26,18.2,171.4,NORMAL
Hom,78.7,59.1,86.6,37.4,26.4,19.3,178.1,NORMAL
Hom,51,47.1,73.6,31.9,24.2,18,162,DELGADO
Hom,85.7,59.8,91.8,37.5,27,19.7,179.1,NORMAL
Hom,58,50.2,68.2,31.2,25.5,18.8,171.6,DELGADO
Hom,63,53.3,75.1,33.5,26,18.7,167,NORMAL
Hom,75,57.6,83.1,35.8,27.3,18.9,176.3,NORMAL
Hom,58.3,53.3,73,30.5,25.2,18.7,165.4,NORMAL
Hom,65.6,53.1,78.1,32.5,24.1,17.6,170.8,NORMAL
Hom,55.5,50.3,70.9,31.7,26.5,19.4,172.4,DELGADO
Hom,64.2,52.1,79.6,32.4,26.3,19.7,169,NORMAL
Hom,63.1,53.3,76.5,32,24,18.2,168,NORMAL
Hom,64.3,53.9,78.6,32,24.1,17.7,164.4,NORMAL
Hom,60.4,52.9,78.6,31.3,24.6,18.4,167,NORMAL
Hom,54.1,52,77.1,30.4,23.3,18.1,156.5,NORMAL
Hom,64.6,52,78,32.9,28,20.1,176.2,NORMAL
Hom,64.5,51.1,74.1,32.5,25.9,18.4,178.3,NORMAL
Hom,62.8,53.4,71.6,31.7,24.9,18.1,169.5,NORMAL
Hom,60.6,54.9,75.7,32.6,24.3,17.5,167.2,NORMAL
Hom,54.5,50.2,72.1,31.4,24.2,17.2,165.1,NORMAL
Hom,66,54.4,73.3,31.2,25.9,20,176.4,NORMAL
Hom,61.3,53.5,80.3,33.1,23.3,17.5,157.1,NORMAL
Hom,57.9,50.2,72.4,30.8,24.1,17.4,163.6,NORMAL
Hom,68.1,59,77.8,34.3,24.6,18.6,172.1,NORMAL
Hom,72.7,56.1,79.1,33.7,26.5,19.4,176,NORMAL
Hom,56.8,49.1,68.2,30.3,24.3,19.2,166.9,NORMAL
Hom,56,49.6,74.5,30.1,25.1,18.4,165,NORMAL
Hom,78.6,61.7,84.5,34.3,26,19.5,167.9,NORMAL
Hom,61.3,51.9,79.8,32.3,24.5,17,161.5,NORMAL
Hom,80.7,59.5,91.3,36.1,25.2,17.4,170.7,NORMAL
Hom,74.6,56.3,76.2,34.6,27.2,18.5,181.2,NORMAL
Hom,63.1,54.5,77.1,32.4,24.2,17.9,167.8,NORMAL
Hom,81.2,61.1,85,35.8,26.2,20,174.1,NORMAL
Hom,80.6,61.2,88.3,38.1,24.5,18.5,166,OBESO
Hom,51,43.6,70.3,28.4,24.1,18.7,168.6,DELGADO
Hom,70.8,55.1,78.6,33.6,25.5,19.6,167.7,NORMAL
Hom,78.8,60.1,82.6,35.8,25.3,18.8,169.5,NORMAL
Hom,72.9,56.6,79.5,33.3,25.2,19.2,170.4,NORMAL
Hom,68.7,53.6,76.9,33.8,26.7,18.7,172.4,NORMAL
Hom,63.6,52.8,83.2,33.6,24.2,17.9,167.5,NORMAL
Hom,59.2,51.6,76.3,30.8,24.6,19.1,163.6,NORMAL
Hom,65.9,54.7,83.4,33.1,24.6,18.5,166.1,NORMAL
Hom,61.4,51.9,75.2,30.9,25.5,19.1,167.6,NORMAL
Hom,71,52.3,91.6,35.9,25.8,18.2,165,NORMAL
Hom,58.9,51.3,70.5,32.3,25.8,18.2,170.2,NORMAL
Hom,82.7,58.7,100,36.7,24.5,18.3,157.5,OBESO
Hom,78.6,54.9,82.9,36.7,27.7,19.9,183.4,NORMAL
Hom,62.5,51.2,83.6,33.2,23.6,17.4,164.4,NORMAL
Hom,79,56.1,91.1,36.5,26.4,18.5,172.5,NORMAL
Hom,68.3,49.5,75.1,32.1,26.8,19.3,181.4,NORMAL
Hom,71,57.5,82.4,35.8,25,18.9,173.2,NORMAL
Hom,72.5,55.5,92.6,34.2,24.8,18.3,167.9,NORMAL
Hom,57.5,46.9,76.9,32.1,25.6,19.3,170.6,DELGADO
Hom,54.4,46.4,81.1,30.6,23.4,18,154.4,NORMAL
Hom,69.2,52.2,85.1,33.8,24.4,18.3,174.4,NORMAL
Hom,66.3,48.5,78.7,31.8,25.8,19.9,177.5,NORMAL
Hom,86.6,61.4,98.1,36.2,25.3,19.2,168.6,OBESO
Hom,61.6,51,78.7,31.7,24,17.7,161,NORMAL
Hom,79.5,60.6,94.6,36.5,25.1,18.5,170.6,NORMAL
Hom,54.4,44.3,79.8,30.7,24.3,18,164.1,NORMAL
Hom,76.8,56.8,91.9,35.4,26.5,19.6,169.4,NORMAL
Hom,87.9,61.5,89.3,35.3,27.5,20,178.2,NORMAL
Hom,69.9,54.9,90.7,34.7,23.6,17.7,162.1,NORMAL
Hom,80,60,88.1,36.1,25.1,18.8,174.5,NORMAL
Hom,77.8,59.6,87.6,35.2,26,18.6,172,NORMAL
Hom,74.8,55.2,86,35.1,26.6,19.3,174.4,NORMAL
Hom,70.4,50.4,90.5,34.5,25.7,18.1,171,NORMAL
Hom,63.7,53,82.1,34.2,25.9,18.9,168.5,NORMAL
Hom,70.2,54.7,75.7,37.5,26.3,18,177.3,NORMAL
Hom,67.9,54,87.2,34.7,24.4,18.1,168.2,NORMAL
Hom,65.3,55.3,80.2,35.5,24.3,17.6,168.5,NORMAL
Hom,54.6,46.6,67,32.1,25.3,19,178.3,DELGADO
Hom,80.3,61.2,86.8,38.3,27.9,19.4,179.2,NORMAL
Hom,71.5,51.9,88.4,37.6,25.6,18.6,169.9,NORMAL
Hom,64.5,51.4,84.6,34.9,24.1,18.3,166.2,NORMAL
Hom,77.7,55.3,102.5,37.9,24.3,18.9,165.6,OBESO
Hom,69.7,55.5,94.4,35.4,23.5,16.6,157.1,OBESO
Hom,55.1,49,79,32.1,21.9,16,151.4,NORMAL
Hom,87.8,60.2,108,39.2,24.2,18.2,165.5,OBESO
Hom,61.1,55.8,80.9,34.9,22.8,16.5,154.4,NORMAL
Hom,71.2,56.1,89.5,36.5,25.1,18.7,168.2,NORMAL
Hom,56.6,50.6,75.6,35.3,25,18.4,167.5,NORMAL
Hom,56.6,50.6,75.6,35.3,25,18.4,167.5,NORMAL
Hom,75,57.7,87,39.5,28.1,20.5,173.5,NORMAL
Hom,73.8,54.4,89.1,35.4,24.7,19,173.7,NORMAL
Hom,78.1,56,94.3,38.2,26.7,20.2,169.9,NORMAL
Hom,72.4,55.6,93,35.6,25.2,18.2,161.1,NORMAL
Hom,57.1,51.1,73.1,33.6,25.1,17.3,165.8,NORMAL
Hom,78.2,59.8,84,37,26.5,19.3,178.7,NORMAL
Hom,59.9,52.7,75.9,34.2,23.8,17.3,164.8,NORMAL
Hom,79.7,54.4,95.9,36.7,26.1,18.8,174.3,NORMAL
Hom,,60.2,92.4,42.1,26.2,18.7,176.3,OBESO
Hom,78.6,56.5,92,36.5,24.3,18.9,169.5,NORMAL
Hom,61.7,,73.6,35.3,27.8,19.2,180.9,DELGADO
Hom,81.9,59.5,92.3,38,26.3,19.1,170.8,OBESO
Hom,71.1,54.3,89.5,35.1,24.9,18.6,164.4,NORMAL
Hom,79.7,61.1,88.7,38.8,26.2,19,172.4,NORMAL
Hom,61.3,52.5,72.5,33.6,25.4,18.2,166.8,NORMAL
Hom,67.1,56.3,89.5,35.9,22,16.4,160.8,NORMAL
Hom,80.2,58,86.3,37.1,26.2,19.6,174.4,NORMAL
Hom,67.6,57.2,80.9,35.9,25.1,17.6,168.3,NORMAL
Hom,62.9,52.7,81.1,32,23.9,18.1,163.8,NORMAL
Hom,47.6,46.3,66.8,30.4,23.2,17.2,161.3,DELGADO
Hom,67.7,56.5,83.3,34.9,24.5,18.3,164.3,NORMAL
Hom,71.9,51.9,90.9,33.6,24.4,19.1,170.4,NORMAL
Hom,66.8,54.2,75.8,33.9,25.1,19.1,172.1,NORMAL
Hom,78.2,61.5,81.5,39.3,24.8,17.8,171.6,NORMAL
Hom,68.8,53.7,80.4,33.2,26,18,169.5,NORMAL
Hom,76.8,58.6,86.3,37,26.8,19.2,170,NORMAL
Hom,75.6,61.3,86.8,38.7,25.3,17.3,170.5,NORMAL
Hom,54.5,50.4,72.6,32.3,23.9,17.2,160.4,NORMAL
Hom,69,53.8,84.1,33.1,25,17.2,165,NORMAL
Hom,65.7,52.9,87.7,33.1,24.3,16.6,157.3,NORMAL
Hom,53.4,50.6,78.8,31.3,21.9,16.2,152.6,NORMAL
Hom,68.2,54.9,83.9,36.4,24.2,18.3,167.5,NORMAL
Hom,75.6,60.2,85.8,37.1,25,18.2,167.3,NORMAL
Hom,93.3,63.1,103.1,41,25.7,18.1,162.6,OBESO
Hom,80.8,55.9,76.5,35.8,28.4,21,188.2,NORMAL
Hom,63.3,50.2,75.8,31.7,25.4,17.8,170.4,NORMAL
Hom,60.1,52.5,86.1,34,25,18.3,165.4,NORMAL
Hom,66,53,82.1,31.8,25,19.5,165.1,NORMAL
Hom,90.8,61.9,95,39.5,27.4,18.4,174.6,OBESO
Hom,50.2,44.5,70.7,,24.4,17.8,166.3,DELGADO
Hom,68.6,54.1,85.4,34.2,26,18.7,174.9,NORMAL
Hom,74.7,57.1,84.2,35.7,23.9,18.2,165.4,NORMAL
Hom,72.7,56.2,82.2,35.8,26,18.7,171,NORMAL
Hom,51.3,49.2,67.7,31.4,23.7,16.8,159,NORMAL
Hom,59.6,52,75.1,32.5,24,18.3,165.9,NORMAL
Hom,60.8,53.8,75,33.9,25.2,18.8,163.9,NORMAL
Hom,68.2,51.7,78.6,34.5,28.2,20,185.7,DELGADO
Hom,59.3,48.9,76,32.4,25.7,19,174.2,DELGADO
Hom,67,55.1,81.3,34.4,24.6,17.9,168.4,NORMAL
Hom,63,54.6,76.6,34.9,25.3,17.8,166.2,NORMAL
Hom,81.3,62.5,86.2,37.9,27.7,19.5,174.6,NORMAL
Hom,68.6,54.7,79.4,35.6,24.2,18.5,172.6,NORMAL
Hom,49.6,45.8,74.2,30.8,24.4,18.2,155.2,NORMAL
Hom,66.4,53.9,81.1,33.7,24.8,19,170.8,NORMAL
Hom,61.5,51.4,74.4,33.2,25.6,19.1,168.2,NORMAL
Hom,60.4,50.6,73.6,32.7,25,18.4,165.7,NORMAL
Hom,55.8,49.8,70.3,31.4,23.1,17.5,164.6,NORMAL
Hom,66.1,55.5,77.5,35.7,24.1,17.2,167.2,NORMAL
Hom,62.3,48.1,77.6,32.6,26.4,18.7,170.8,NORMAL
Hom,71.7,50.5,75.1,35.5,27.5,19,184.7,NORMAL
Hom,59.4,50.5,75.5,32,24.7,17.8,166.4,NORMAL
Hom,78.1,57.4,83.3,38.4,27.3,19.4,178.3,NORMAL
Hom,64.6,54.5,77.4,34.7,26.5,19.1,169.2,NORMAL
Hom,67.2,51.2,77,34.4,24.1,17.8,163.7,NORMAL
Hom,84.4,61.2,91.3,38.3,25.3,17.2,173.4,OBESO
Hom,75.8,56,88.2,36.8,25.1,17.7,168.4,NORMAL
Hom,77.4,59.9,,36.1,24.8,19.3,160.3,OBESO
Hom,70.9,55.2,90.3,34.7,24.7,17.6,165.5,NORMAL
Hom,64.1,51,86.1,34.7,24.4,18,162.1,NORMAL
Hom,50.7,44,69,31.2,25,17.5,165.7,DELGADO
Hom,57,49.2,79,31,22.9,18.2,164.5,NORMAL
Hom,73.2,54.2,93.7,34.7,25.4,19,166.2,NORMAL
Hom,91.8,64.6,92.1,37.9,25.9,19,167.2,OBESO
Hom,77.1,57.5,87.1,37.2,26.6,19,171.5,NORMAL
Hom,81.2,62.4,96.6,34.7,25.5,18.3,168.4,OBESO
Hom,82.6,60.4,92.3,35.3,25.5,18.3,172.3,NORMAL
Hom,66.4,53.2,78.2,31.3,27.6,19.2,183,DELGADO
Hom,55.6,50.2,71.2,31,24.1,18,166.5,NORMAL
Hom,66.4,56.1,82.3,32.2,26.1,18.8,166,NORMAL
Hom,63.1,53.7,80.6,30.7,24,18.5,164.4,NORMAL
Hom,78,60.1,91.2,32.3,25.3,17.7,172.6,NORMAL
Hom,66.4,49,84.9,32,25.9,17.4,168.7,NORMAL
Hom,72.9,57.4,83.2,34.4,26.9,19.7,178.7,NORMAL
Hom,77.4,61,90.2,35,24.7,17.1,169.5,NORMAL
Hom,72.8,57.7,81,34.1,26.4,19.7,174,NORMAL
Hom,69.6,56.4,84.4,33.3,24.9,19.1,171.7,NORMAL
Hom,70.9,55.8,93.5,31.5,24.4,17.3,160.6,NORMAL
Hom,60.5,50.5,74.4,30.9,25.5,18.8,167.5,NORMAL
Hom,83.7,61.6,88.7,35.2,26,19,173.3,NORMAL
Hom,73.7,57.6,87.6,33.2,24.1,18.1,174.7,NORMAL
Hom,85.5,63,95.6,36.4,27.2,19.4,177.2,NORMAL
Hom,44.5,46.3,67.4,27.9,23.1,17,157.7,DELGADO
Hom,63.4,55.8,80.6,31.1,23.6,17.4,163.8,NORMAL
Hom,64.2,50.8,78.5,31.1,25.2,18.6,170.1,NORMAL
Hom,83.8,58.2,99.3,34.6,26.8,19,175.3,NORMAL
Hom,63,52.5,79.2,31.5,24.1,17.2,163,NORMAL
Hom,68.2,55.1,82.5,33.4,25.4,17.8,167.7,NORMAL
Hom,55.9,48,80.2,31.1,24.4,18.4,160.7,NORMAL
Hom,89.2,60.1,103.2,35.4,26.1,19.2,175.7,OBESO
Hom,65.5,52,95,31.4,23.3,18.5,156.6,NORMAL
Hom,,47.7,71.5,32.6,26,19.7,172.6,DELGADO
Hom,69.2,54.1,78.4,34.5,26.6,19.2,178.4,NORMAL
Hom,49.1,48.2,67,29.2,24.3,18,165.3,DELGADO
Hom,68.5,54.4,81,35.3,25.1,18.2,175,NORMAL
Hom,60.2,50.5,85.5,31.3,23.2,17.1,162.4,NORMAL
Hom,88.4,62.6,92,37.9,27.7,20.4,185.8,NORMAL
Hom,81.1,58.5,101.9,34.6,23.7,17.3,159.7,OBESO
Hom,66.1,56.8,78.8,35.2,25.7,18.9,167.2,NORMAL
Hom,78.2,61.9,89.3,34.3,23.7,17.8,168.9,NORMAL
Hom,56.2,48.6,76.1,30.1,24.4,17.2,167.5,NORMAL
Hom,67.1,56.6,78.4,33.2,25.6,18.2,169.7,NORMAL
Hom,66.6,52.3,76.5,33.7,27.5,19.5,177.4,NORMAL
Hom,82.3,57.5,96.8,35.5,26.2,17.2,166.6,OBESO
Hom,76.2,60.7,84,34.3,26.3,19.4,173.6,NORMAL
Hom,88.2,63.5,92.6,,26.2,19,176.6,OBESO
Hom,63.8,53.1,79.8,31.5,24.4,18.4,170.8,NORMAL
Hom,77.7,54.8,96.8,33.9,26,18.5,169.4,NORMAL
Hom,89.7,67,100.1,36.9,23.2,17.3,164.5,OBESO
Hom,73.9,56.8,91.7,33.6,25.2,19.2,166.4,NORMAL
Hom,66.8,54.4,81.1,32,25.8,18.8,167.2,NORMAL
Hom,61.2,51.2,76.7,34.1,24.7,17.5,167,NORMAL
Hom,76.1,57.7,86.8,35.9,26.5,18.6,173.7,NORMAL
Hom,65.8,55.4,86.1,35.4,23.2,18,165.3,NORMAL
Hom,71.2,55.9,82.7,34.3,23.5,16.9,165.6,NORMAL
Hom,53.4,50.8,78.3,32.8,22.8,16,156.1,NORMAL
Hom,49.8,46.2,66.4,31.5,24.6,17.4,165.1,DELGADO
Hom,69.3,58.1,81.4,36,26.3,18.6,164.9,NORMAL
Hom,69.2,53.6,85.8,36.4,24.1,16.7,165.2,NORMAL
Hom,60,48.5,77.7,31.7,26.6,19.3,168.6,NORMAL
Hom,56,48.4,73,33.9,24.1,17.6,165.8,NORMAL
Hom,67.4,58,79.1,36.6,24.5,16.8,167.6,NORMAL
Hom,56.7,51.7,72.1,34.1,25.4,18,159.8,NORMAL
Hom,85.4,62.5,95.4,36.1,25.9,17.8,170.3,OBESO
Hom,71.9,54.2,82.9,36.7,25.7,18.5,179.5,NORMAL
Hom,57.4,50,75.1,35.3,24.6,18.3,167.7,NORMAL
Hom,74.9,57.9,84.2,36.3,25.8,18.4,177.5,NORMAL
Hom,61,54.2,79.2,32.8,24.1,17.2,161.7,NORMAL
Hom,80,,88,36.6,26.5,18,167.1,OBESO
Hom,89.5,61.1,97.2,39.8,27.7,19.5,179.7,NORMAL
Hom,58.2,49.8,75,31.4,26,18.6,167.5,NORMAL
Hom,65.5,53.9,87.6,33.8,23.6,17.4,160.2,NORMAL
Hom,81.5,61.3,91.5,38.7,24.2,16.9,168.2,OBESO
Hom,64.9,54.4,77.2,34.3,26.3,19.6,170.2,NORMAL
Hom,49.1,44.7,64.9,31.2,23.1,16.5,164.4,DELGADO
Hom,66.1,53.9,73.8,34.7,27.6,20.9,181.6,NORMAL
Hom,59.7,53.6,70.1,32.5,24.6,17.8,167.7,NORMAL
Hom,69.4,55.4,83.5,36,24,17.8,168.8,NORMAL
Hom,71.1,54.6,85,35.8,25.5,18.2,169.7,NORMAL
Hom,52,48.3,73.1,31.1,23.4,16.4,158.3,NORMAL
Hom,59.9,48.6,76.4,34.6,27.1,19.5,176.5,DELGADO
Hom,48.6,41.5,75.1,31.8,24.3,16.9,160.8,DELGADO
Hom,62.1,52.5,78.3,35.5,25.1,17.5,166,NORMAL
Hom,59.3,51.4,72.2,32.2,25,18.1,171.4,NORMAL
Hom,67.5,57.2,81.4,36.8,24.1,17,165.5,NORMAL
Hom,59.3,51.7,75.6,33.2,25.1,17.9,164.2,NORMAL
Hom,70.1,55.3,81.2,35.2,26.8,18.1,178.5,NORMAL
Hom,57.4,49.4,76.7,35.6,24.6,16.6,169.4,NORMAL
Hom,66.9,53.4,92.2,36.9,24.9,17,161.3,NORMAL
Hom,67.9,53.3,79.4,37.8,26,18.9,174,NORMAL
Hom,57.9,46.6,90.2,32,23.1,16.2,153.2,NORMAL
Hom,,55.6,79.6,36.5,25,17.5,171.1,NORMAL
Hom,68.3,54.7,81.3,37.5,24.5,17.7,177.2,NORMAL
Hom,64.6,54.5,74,35.2,26.3,18.8,167.4,NORMAL
Hom,54.3,45.5,67.3,33.9,25.5,18.1,175,DELGADO
Hom,70.8,53.8,91.9,35.4,25.1,,168.6,NORMAL
Hom,61.1,50.6,72,33.2,25.7,18.9,170.9,NORMAL
Hom,59.9,51.7,72.3,33.7,25.7,18.1,172.3,NORMAL
Hom,60.5,53.4,75.2,32.7,24.3,17.2,165.9,NORMAL
Hom,69,52.5,77.6,35.9,27.3,19.8,179.4,NORMAL
Hom,59.8,52.4,75.4,35.2,27.1,18.2,168,NORMAL
Hom,68.4,53,82.1,35.1,25.7,18.6,163.5,NORMAL
Hom,87.6,59.7,90.3,37.9,26.8,18.7,188,NORMAL
Hom,66.7,52.8,,37.5,24.8,18.7,181.5,NORMAL
Hom,76.8,53.8,96,35.7,26,18.1,168.2,NORMAL
Hom,80.9,60.9,87,36.8,28.3,19.7,180.2,NORMAL
Hom,68.4,58.1,78.1,35.7,25.4,18.7,168.7,NORMAL
Hom,63.1,54.6,79.6,35.2,24.9,17.8,164.8,NORMAL
Hom,80.2,63.3,82.5,40.5,26.1,19,173.3,NORMAL
Hom,64.1,55.3,79.7,36.2,26,18.8,168,NORMAL
Hom,59.4,50.5,74.6,33.3,26,18.5,166.6,NORMAL
Hom,74.8,56.4,87.5,34.8,25.7,19.1,167.4,NORMAL
Hom,84.6,59.2,95.6,38.5,27.4,20.1,173.3,OBESO
Hom,67.7,54.2,81.9,35.1,27.3,19.2,173.5,NORMAL
Hom,66.8,57.4,86.5,36.6,25.3,18.2,163.3,NORMAL
Hom,61.1,48.5,73.4,34.7,24.5,18.2,177.9,DELGADO
Hom,72.3,55.5,78.5,35.2,27,18.6,171.9,NORMAL
Hom,71.1,60.2,80.8,37.8,25.7,18.5,163.7,NORMAL
Hom,85.5,61.7,90.6,39.2,26.4,,173.7,OBESO
Hom,55,48.4,73.4,32.2,24.1,17.2,166.7,DELGADO
Hom,64.3,55.7,76.9,36.7,24.9,16.8,168.2,NORMAL
Hom,57.2,52.2,72.9,34.1,24.4,18,162.3,NORMAL
Hom,58.9,51.7,66.8,32.7,26.1,18.9,,DELGADO
Hom,62,51.8,73.1,33.6,26.3,18.6,169.2,NORMAL
Hom,78.8,56.2,96.6,36,25.8,18.3,167.4,OBESO
Hom,64.4,51.4,82.9,33.3,24.6,17.6,163.6,NORMAL
Hom,73.4,55.7,85.4,36.3,25.7,18,167.7,NORMAL
Hom,69.9,52.6,95.2,34,22.5,16.9,153.7,OBESO
Hom,73.4,54.7,94.7,36.6,24.2,18.5,164.7,NORMAL
Hom,70.3,55.8,91.3,35.8,24.7,18.4,166.2,NORMAL
Hom,62,51.5,82.9,33.8,24.8,18.3,162.8,NORMAL
Hom,66.7,55.8,78.4,36.8,25.1,17.4,168.5,NORMAL
Hom,68.5,51.4,82,33.6,25.7,18.2,178.2,NORMAL
Hom,71.1,56.5,75.6,34.3,24.6,18.7,172.5,NORMAL
Hom,68,55.9,80.3,37.3,25.1,18.1,166.1,NORMAL
Hom,64.9,54,80.6,35.5,26.4,18.3,169.5,NORMAL
Hom,68.2,53,75.4,34.7,26.1,20.2,176.8,NORMAL
Hom,79,55.8,97.4,38.9,25.3,18.3,165,OBESO
Hom,60,50.8,73.6,34,24,16.9,170.2,NORMAL
Hom,69.9,55.1,89.9,35.3,25.2,18.4,164.6,NORMAL
Hom,75,52.7,97.1,35.9,24.5,17.8,165.3,NORMAL
Hom,68.5,52.5,92.8,34.7,23.8,17.2,163.9,NORMAL
Hom,70,55.5,82.5,35.1,24.7,19.4,167.4,NORMAL
Hom,76.3,56.5,94.6,35.8,26.7,19.3,173,NORMAL
Hom,64.5,51.2,87.2,34.1,23.9,16.8,160,NORMAL
Hom,78.3,58.5,90.7,37.2,25.9,19,171,NORMAL
Hom,87.1,63.1,103.5,38.3,25.3,17.9,168,OBESO
Hom,56.8,50.4,76.4,34.1,23.3,17.2,159.1,NORMAL
Hom,69.6,57,79.4,35.6,26.5,18.5,173.5,NORMAL
Hom,61.3,52.2,76.1,36.1,24.1,18.5,166.7,NORMAL
Hom,68.4,56,87.5,35.1,25.4,18,166.6,NORMAL
Hom,61.6,51.5,75.1,33.8,25.1,17.9,167.1,NORMAL
Hom,61.6,47.8,70.1,34,27,19.7,177.5,DELGADO
Hom,83.2,58,86.6,38.5,26.9,18.7,178.7,NORMAL
Hom,77.8,59.7,97.6,36.9,24.7,18.1,163.3,OBESO
Hom,75.1,56.5,85.1,37.4,25.1,18.2,171.4,NORMAL
Hom,77.2,56.4,92.5,35.3,26.2,20,175,NORMAL
Hom,69.5,57.6,83.2,34.9,25,18.8,169.1,NORMAL
Hom,61,50.8,75.1,32.9,26.4,18.2,170.5,NORMAL
Hom,71,55.9,84.8,34.9,25.1,18.6,173,NORMAL
Hom,69.6,53.3,83.4,36.9,25.9,18.9,169.2,NORMAL
Hom,66.2,56.3,74,32.7,24.7,18.2,169.6,NORMAL
Hom,71.2,57.1,76.3,34.8,27.5,20.8,177.4,NORMAL
Hom,70.7,54.3,94.1,35.8,23.5,17,156.6,OBESO
Hom,74.7,54.4,93.4,36.3,25.5,18.3,171,NORMAL
Hom,76.4,58.9,90.1,37.3,26.6,19.2,170.7,NORMAL
Hom,64.3,55.8,74.4,35.3,24.2,17.6,163.1,NORMAL
Hom,73.4,59.6,93.6,36.5,24.2,17.7,162.1,NORMAL
Hom,75,58.1,84.7,35.9,25.8,18.2,172.8,NORMAL
Hom,73.6,55.7,82.4,36.9,27.5,20.1,177.7,NORMAL
Hom,58.4,51.5,72.8,36.3,24.9,18.2,166.2,NORMAL
Hom,61,47.6,74,33.1,26,19.1,179.2,DELGADO
Hom,82,59,97.7,38.9,26.2,19,173.3,NORMAL
Hom,66.9,49.5,88.5,35.7,24.6,17.6,166.1,NORMAL
Hom,75.2,55.6,92.3,37.9,25.3,18.6,171.8,NORMAL
Hom,76.1,57.3,80.3,37.9,26.8,19.1,181.3,NORMAL
Hom,80.8,58.6,102.8,38.2,25,17.6,166.7,OBESO
Hom,70.6,58,81.9,36.7,26.3,18.4,171,NORMAL
Hom,65.3,55,80.5,34.9,25.7,17.8,167.8,NORMAL
Hom,62.4,54.2,78.1,36.2,26.2,18.2,173.1,NORMAL
Hom,54.7,51.8,78.7,32.1,24.2,18.5,157.3,NORMAL
Hom,75.6,56.1,88.6,38.4,25.1,18.5,173.9,NORMAL
Hom,74.2,57.5,91.2,34.1,25.5,17.8,164.7,NORMAL
Hom,73.8,61.2,83.9,39.5,27.1,18.6,172.5,NORMAL
Hom,61,52.7,74.3,33.4,26.1,17.6,165.5,NORMAL
Hom,67.1,56.3,84.3,37.1,26,18.3,171.6,NORMAL
Hom,59.1,50.3,76.2,34.1,25.3,18.3,169.3,NORMAL
Hom,58.4,52.7,72.4,34.1,25.7,18,166.8,NORMAL
Hom,56.9,47.1,73.4,31.5,24.6,18.8,167.1,NORMAL
Hom,62.9,51.3,84.6,33.4,23.9,17.2,164.6,NORMAL
Hom,85.4,59,96.8,36.6,27.1,18.2,178,NORMAL
Hom,56.6,49.5,74.3,34.2,24.1,17.5,163.2,NORMAL
Hom,91.5,62.1,104.3,40.3,24.8,18.5,168.3,OBESO
Hom,67.8,56.6,84.2,35.7,24.1,18.1,166.3,NORMAL
Hom,60.5,52,80.6,33,24.4,17.2,158.9,NORMAL
Hom,54.1,49,81.5,33.1,23.7,17.4,157.2,NORMAL
Hom,74,57,89.1,37.7,25.1,17.2,170.3,NORMAL
Hom,63.1,52.3,76.4,30.7,26.3,20,175.3,NORMAL
Hom,66.8,56.8,80.9,36.1,23.6,17.5,162.6,NORMAL
Hom,70.1,55.4,86.1,39,25.9,19.1,167.8,NORMAL
Hom,65.1,52.7,82.5,33.4,26.4,19.1,170.3,NORMAL
Hom,60.3,54.9,83.4,35.3,23.1,16,154.4,NORMAL
Hom,61.7,53.3,82.3,33,25.8,18.8,,NORMAL
Hom,64.5,53.6,82.7,35.6,24.5,18.7,168.2,NORMAL
Hom,67.3,55.6,82.4,32.2,25.4,17.9,171,NORMAL
Hom,,57.5,94.1,39,26.5,19.9,171.3,NORMAL
Hom,59.9,49,,31.3,26.7,18.9,174.5,DELGADO
Hom,80.3,60.6,80,39.5,25.8,18.4,178.5,NORMAL
Hom,64.8,53.1,75.6,36.3,25.6,18.9,175.4,NORMAL
Hom,86,56.4,100.5,37.9,27.2,20,175.1,OBESO
Hom,75.6,59.3,84,38.5,28.3,20.8,178.1,NORMAL
Hom,59.6,49.4,79.2,34.1,25.1,18.4,169,NORMAL
Hom,69,53.3,73.7,35,23.4,18.2,170.9,NORMAL
Hom,73.1,56.2,90.6,36.2,25.9,18.1,171.5,NORMAL
Hom,58,50.3,77.1,33.5,25.9,18.9,169.2,NORMAL
Hom,66.6,54.2,84.5,36.1,26.2,17.8,163.3,NORMAL
Hom,105,67.8,111.6,43.8,,20.1,174.4,OBESO
Hom,74.2,58.7,90.8,37.4,24.7,18.3,167.2,NORMAL
Hom,74.4,57.7,85.7,38.5,25.8,18.4,173.9,NORMAL
Hom,56.8,49.7,77.7,33.7,23.2,18,160.1,NORMAL
Hom,74,59.5,88.4,37.9,24.5,18.5,166.2,NORMAL
Hom,78.4,58.7,87,36.3,26.6,18.5,174.4,NORMAL
Hom,71.9,55.9,89.7,35,24.4,17.7,168,NORMAL
Hom,69.4,55.9,86.3,34.8,24.8,18.5,167.6,NORMAL
Hom,80,60.2,92.2,37.1,25.2,17.7,172.3,NORMAL
Hom,66.5,52.5,89.7,34.7,25.2,17.5,163.3,NORMAL
Hom,81.6,56.5,101,38.3,23.9,17.6,165,OBESO
Hom,55.2,51.3,73.1,32.8,24.7,17.9,163.1,NORMAL
Hom,75.3,59.7,80.6,36.5,26.1,18.5,176.9,NORMAL
Hom,85.2,59.3,91.2,38.6,27.1,19.8,174.1,OBESO
Hom,70.4,55,91.2,35.2,24.6,18.1,159.3,NORMAL
Hom,45,41.3,68.3,29.6,23.7,17.1,166.3,DELGADO
Hom,67.1,51.5,85.4,34.4,24.5,18.7,165.1,NORMAL
Hom,73.4,54.2,90.6,35.3,24.9,18.3,170.8,NORMAL
Hom,62,51.2,85.4,33.8,22.6,16.5,155,NORMAL
Hom,62.9,55.5,75.7,35.3,24.6,17.1,164.1,NORMAL
Hom,71.3,53.4,80.5,34.6,27.7,19.6,180.8,NORMAL
Hom,66.8,54.5,83,38.4,24.7,17.5,164.4,NORMAL
Hom,81.6,56.9,94.1,37.2,27.8,19.6,173,NORMAL
Hom,70.5,58.1,89.6,36.2,24.2,18.2,162.9,NORMAL
Hom,61.8,52,91,33,23.5,17.5,148.8,NORMAL
Hom,77.7,58,93.2,37.7,24.7,19.1,173.8,NORMAL
Hom,65.6,54,85.7,37,24.8,17.7,165.2,NORMAL
Hom,62.4,53.5,71.2,34.7,26.4,18.7,174.6,NORMAL
Hom,60.5,51.2,72.5,35.2,26.1,18.5,173.3,NORMAL
Hom,76.9,58.5,89.7,38.2,25.4,18.5,173,NORMAL
Hom,79.3,62.4,83.4,36.6,27.8,19.7,174.3,NORMAL
Hom,67.4,54.5,74,34.7,26.5,19.6,170,NORMAL
Hom,55.5,48,69.9,30.8,25.1,18.6,161.7,NORMAL
Hom,69.1,58,90,37.7,24.7,17,162.5,NORMAL
Hom,63.5,54.5,77.5,32.6,26.2,19.1,163.6,NORMAL
Hom,65.3,52.7,75.6,35.6,27.6,19.9,173.3,NORMAL
Hom,66.7,53,82.9,33.9,25.4,19.2,166.6,NORMAL
Hom,60.3,49.5,80.6,33.5,23.8,19.2,161.7,NORMAL
Hom,56.3,49.9,80.5,33.3,23.4,17.2,153.9,NORMAL
Hom,49.5,47,68.3,30.1,23.4,16.9,162.3,DELGADO
Hom,51.9,47,78.2,32.3,24.6,16.5,163.5,DELGADO
Hom,68.5,51,77.4,33.4,24.5,18.2,175.3,NORMAL
Hom,72.3,55.5,82.5,34.5,27.1,20.3,171.1,NORMAL
Hom,78.4,57.1,96.6,36.5,23.7,17.3,156.9,OBESO
Hom,66.2,52.7,76,33,26.7,19.2,172.1,NORMAL
Hom,52.6,49.2,69.3,29.8,22.9,17.4,154,NORMAL
Hom,67.3,53,75.2,32.9,27.2,20.5,173.2,NORMAL
Hom,54.2,47.4,72,31.1,23.9,18.1,163.3,NORMAL
Hom,63.2,54.1,87.7,33.4,24.2,18.5,161.7,NORMAL
Hom,61.7,50.2,75.8,31.6,26.7,20,169.5,NORMAL
Hom,63.3,49.3,76.8,33.4,25.4,19.5,170.9,NORMAL
Hom,77,50.6,81.9,33.7,24.4,17.5,163.3,OBESO
Hom,72,52.6,91,33.5,25.1,18.3,165,NORMAL
Hom,65.3,52.3,85.6,34,23.7,17.3,158,NORMAL
Hom,66.5,53.4,91.3,35.5,23.6,17.1,153.9,OBESO
Hom,79,60.4,95.6,37.2,25.2,17.6,161.4,OBESO
Hom,53.4,48.7,72.7,34,24,16.1,158.5,NORMAL
Hom,57,51.9,80.2,33.3,25.2,18,164.3,NORMAL
Hom,65.3,52.4,78.6,33.8,23.9,17.9,165.2,NORMAL
Hom,65.6,50.8,87.2,34.5,24.6,18.4,164.9,NORMAL
Hom,66.5,54.9,82.2,34.9,23.6,17.8,163,NORMAL
Hom,79.5,57,96.4,37.1,24.7,18.4,162.7,OBESO
Hom,58,49,75.5,33.4,25,18.2,167.2,NORMAL
Hom,62.1,51.2,78.4,32.9,24.9,18.4,165.3,NORMAL
Hom,63.2,55,81.2,34.9,23.5,17,156.6,NORMAL
Hom,86.5,58,99.2,35,25.3,18.5,,OBESO
Hom,76.8,57.3,84.5,36.4,25.1,18.7,177.2,NORMAL
Hom,90.4,57.6,106.8,38.2,24,18.5,166.8,OBESO
Hom,76.2,57.1,92.8,35.3,23.9,17.6,165,OBESO
Hom,71.8,55.2,76.4,36.2,25.4,17.6,173.7,NORMAL
Hom,66.3,52.8,90.3,35.7,22.9,17,154.4,NORMAL
Hom,79.2,56.2,93.3,35,24.2,18.1,162.2,OBESO
Hom,88.1,55,103.3,36.5,25.6,19.7,176.8,OBESO
Hom,83.8,55.2,94.4,34.6,27,19.7,171.1,OBESO
Hom,70.9,58.6,80,34.8,25.6,17.6,168.5,NORMAL
Hom,76.9,58.3,85.5,35.7,25.5,18.7,170.2,NORMAL
Hom,75.8,55.8,87,37.6,24.9,18.3,172.8,NORMAL
Hom,69.3,60.1,83.3,36.1,23.5,17.2,160.6,NORMAL
Hom,63.4,48.9,76.4,32.3,25.2,18.3,173.7,NORMAL
Hom,66,49.4,88.9,33.8,25,18.4,166.9,NORMAL
Hom,56,56,,34.9,25,18,158.8,NORMAL
Hom,64.5,53,87.3,34.6,24.3,18.2,168.9,NORMAL
Hom,77.9,56.6,91.1,34.7,26.3,18.7,170.4,NORMAL
Hom,54.2,49.9,75.9,31.9,22.4,17,155.7,NORMAL
Hom,62.4,53,83.2,33.3,22.2,16.7,156.6,NORMAL
Hom,71.6,51.4,87.1,35,25.8,18.6,168.7,NORMAL
Hom,77.3,60.6,93.1,35.8,27,18.8,175.5,NORMAL
Hom,63,48.8,72.3,32.7,24.1,17.3,169.5,NORMAL
Hom,80.8,59.5,92.3,37.7,26.4,17.7,171.9,NORMAL
Hom,66,53.4,87.5,33.1,23.2,17.6,158,NORMAL
Hom,67,52.1,89,33.9,25.3,18.7,163.1,NORMAL
Hom,80.1,55.8,88.7,38.8,26.3,18.9,173.6,NORMAL
Hom,80.3,61.3,78.9,34.3,28.8,20.5,183,NORMAL
Hom,66,53.8,79.9,35.3,26.1,18.3,171.8,NORMAL
Hom,66.5,53.5,79.8,35.1,25.4,17.6,166.2,NORMAL
Hom,83,59,96.5,36.6,25.6,18.5,174.3,NORMAL
Hom,62,50.6,81.9,33.5,24.7,17.3,160.4,NORMAL
Hom,79,57.2,84.6,36.4,27.3,18.4,177.2,NORMAL
Hom,59,50.7,78.3,32.4,22.7,17.8,163.9,NORMAL
Hom,66,55.5,77.5,34.4,25.7,18.2,168.3,NORMAL
Hom,52,46.2,75.4,29.8,23.3,17.6,162,DELGADO
Hom,58,52,78.8,31.5,23.5,16.8,161.7,NORMAL
Hom,83,57.3,89.9,37.1,25.4,19,178.5,NORMAL
Hom,65,50,80.7,34.3,25.1,17.8,168.4,NORMAL
Hom,69.9,54.3,89.5,34.8,24.7,17.9,164.3,NORMAL
Hom,63,51.2,84.3,32.3,24.5,18,161.9,NORMAL
Hom,91.4,59.1,102,37.1,24.8,18.6,172.6,OBESO
Hom,73.4,53.4,91.2,34.7,24.1,17.8,164.7,NORMAL
Hom,82.2,57.9,105.6,36.3,24.8,18.1,160.8,OBESO
Hom,79.7,55.8,91.2,34.7,26.5,19.5,173.5,NORMAL
Hom,61.6,49.2,80,31.4,26.3,19.7,171.7,NORMAL
Hom,72.4,56.2,84.4,35.9,24.7,18.3,172.4,NORMAL
Hom,59.6,48.6,79.3,32.4,25.2,17.7,166.8,NORMAL
Hom,69.6,52.7,85,33.7,26,18.7,174.5,NORMAL
Hom,80.9,57.8,88.8,35.7,25.8,18.2,172.6,NORMAL
Hom,59.1,48.5,75.3,32.3,25.2,18.3,168.3,NORMAL
Hom,70.5,51.5,88.2,34,23.2,17.2,169.8,NORMAL
Hom,85,57.6,93,42.3,25.1,18.5,173,OBESO
Hom,74.6,55.1,103.8,36.5,22.1,16.8,152.7,OBESO
Hom,52.9,46.3,68.1,31.8,25,17.4,167,DELGADO
Hom,63.7,52.8,75.8,32.7,24.6,18.7,168.6,NORMAL
Hom,73,55.8,92,33.3,23.1,16.1,160.3,OBESO
Hom,83,54.6,94.2,35,24.8,18,167.7,OBESO
Hom,65.3,50.4,90.3,34.2,23.2,17.5,158.9,NORMAL
Hom,77,57.4,94.9,34.8,23.9,18.3,166.6,NORMAL
Hom,74.3,54.6,91.1,35.4,26.1,18.4,167.4,NORMAL
Hom,64.4,51.3,85.7,33,23,17.4,162.6,NORMAL
Hom,78.3,53.1,92.3,35.3,25.6,19.2,175.7,NORMAL
Hom,67.6,53.4,90.3,33.5,24,17.2,157.6,NORMAL
Hom,56.4,46.2,80.3,31.3,23.2,17.7,152.4,NORMAL
Hom,95.1,60.1,104.6,39,25.9,18.8,171.4,OBESO
Hom,73.1,57.3,95.3,34.6,24.1,17.3,160.5,OBESO
Hom,52.6,45.1,75.1,30.3,24.2,17.1,166.4,DELGADO
Hom,64.7,52.2,79.7,33.6,25.5,19,159,NORMAL
Hom,76.8,55.4,93.8,36.4,25.8,18.3,173.6,NORMAL
Hom,75.9,57.6,80.9,36.8,26.9,19.3,172.9,NORMAL
Hom,61.9,47.7,75.9,33,25,19.1,171.1,NORMAL
Hom,65.8,49.6,87.9,35.6,24.3,17.9,166.8,NORMAL
Hom,66.6,55,85.9,34.2,24.6,18,163,NORMAL
Hom,74.7,53.1,94.4,36.1,25,18.1,165.4,NORMAL
Hom,70.4,53.7,90.1,32.6,24.9,17.7,159.8,NORMAL
Hom,86.6,59.7,96.7,37.5,25.9,19.9,174.1,OBESO
Hom,76.1,59.6,90,35.4,24.8,17.5,175.9,NORMAL
Hom,67.6,56.6,80,34.5,26.8,19.4,170,NORMAL
Hom,85,61.3,94,36.9,27,18.7,176.4,NORMAL
Hom,77.6,56.4,91.3,33.5,26.6,19.5,171.5,NORMAL
Hom,72.2,54.6,88.5,33.5,25.4,17.6,171.1,NORMAL
Hom,86.1,61.5,89.5,38.2,25.5,18.3,179,NORMAL
Hom,54.4,48.4,74.7,30.7,23.5,18.3,161.3,NORMAL
Hom,82.1,58.2,93.3,35.2,26.8,19.7,172.9,NORMAL
Hom,59.2,51.8,73.9,31.7,26.1,18.9,166.4,NORMAL
Hom,76.2,57.5,80.9,37.4,25,18.7,175.6,NORMAL
Hom,80.5,58.3,96.1,36.2,24.6,,164.6,OBESO
Hom,92,65.1,96,38.7,26.5,19.3,180.7,OBESO
Hom,60.6,49.8,83.6,32.8,25,18,162.7,NORMAL
Hom,59.5,52.7,79.1,34.4,26.5,19.3,168.4,NORMAL
Hom,88.8,61.2,99.3,36.7,23.1,17.7,168.2,OBESO
Hom,53.4,52.3,68.5,30.5,23.4,18.3,153.5,NORMAL
Hom,70.6,54.6,82.6,33.6,27.5,19.1,178.3,NORMAL
Hom,77,62.4,84.1,36.2,25.7,18.8,174.9,NORMAL
Hom,63.2,52.5,78.3,32.5,25.5,17.9,166.7,NORMAL
Hom,62.9,52.8,81.7,30.4,23.4,16.4,166.3,NORMAL
Hom,62.9,48.5,80,32.6,25.1,18,168.9,NORMAL
Hom,60.4,52.4,78,33.8,24.3,18,169.9,NORMAL
Hom,63,55,77.7,34.9,25.7,17.7,169.2,NORMAL
Hom,60.4,56,76.2,33.5,24,17.7,160.2,NORMAL
Hom,53.7,48.7,68,30.7,24.3,19.1,160.3,NORMAL
Hom,62.9,52.2,81,33.4,24.4,18.5,162,NORMAL
Hom,57.1,49,73.3,32.7,26.1,18.4,168.3,NORMAL
Hom,69.4,59.2,84.2,36.4,26.1,18.8,164.6,NORMAL
Hom,52.1,48.4,72.4,31.8,24.8,,166.8,DELGADO
Hom,59.3,47.7,81.3,32.6,23.9,16.6,162.9,NORMAL
Hom,54.6,48.3,80.3,31,23.3,17.4,155.3,NORMAL
Hom,64.2,51,81,31.8,25.8,18.8,164.3,NORMAL
Hom,60.1,52.6,77.6,34.1,23.3,17.8,161.9,NORMAL
Hom,83.2,58,91,36.4,26.5,20,181.1,NORMAL
Hom,63.8,51.1,79.5,33.7,25.3,18.2,168.1,NORMAL
Hom,67.6,55,87.1,35.3,23.2,16.9,165.6,NORMAL
Hom,55,48.1,77.7,32.3,23.5,17.2,158.9,NORMAL
Hom,73,52,91.1,33.5,24.8,18,162.9,NORMAL
Hom,60.9,49.2,88,32.9,23.1,16.5,160.1,NORMAL
Hom,71.4,55,87.2,34.9,26.1,18.5,169.3,NORMAL
Hom,62.7,52.3,83.1,32.8,23.7,18,162,NORMAL
Hom,66.4,50.1,92.1,34.2,23.6,17.9,165.2,NORMAL
Hom,69,52.3,89.9,35.4,26.3,18.6,165.7,NORMAL
Hom,66.3,54.9,87.2,35.3,22.9,18,160.9,NORMAL
Hom,62.1,51.7,84.7,33.8,23,17.5,162.6,NORMAL
Hom,77.2,58.2,89.9,37.9,25.3,17.6,170.1,NORMAL
Hom,71.7,53.2,92,34.3,24.3,18.1,161.7,NORMAL
Hom,62.8,53.4,79.5,34.6,24.6,17.1,164.3,NORMAL
Hom,78.9,59.3,89.9,36.8,26.7,19.7,173.9,NORMAL
Hom,57.1,49.5,75.5,32.8,24.2,17.4,164.2,NORMAL
Hom,64.8,49.7,87.2,33.1,25.2,18.9,164.5,NORMAL
Hom,64.9,54.1,91.1,33.6,23.3,16.9,155.8,NORMAL
Hom,81.8,58.7,94,35.6,25.7,19.1,168.4,OBESO
Hom,79.1,60.9,92.5,36.4,24.8,17.6,167.2,OBESO
Hom,79.6,59,95.2,37.5,25,17.6,168.6,OBESO
Hom,51.3,46.8,78.2,31.8,23.4,17.3,158.5,NORMAL
Hom,66.4,55.5,90,35.2,22.8,16.8,151.5,OBESO
Hom,84.8,56.1,96.1,36.9,27.3,20.4,173.8,OBESO
Hom,67.3,50.4,89,33.4,24.2,17.6,161.8,NORMAL
Hom,65.7,49.5,71.6,36,26.6,19.6,182.7,DELGADO
Hom,79,59.7,86,38.1,26.1,17.8,170.7,NORMAL
Hom,67.7,56,82.3,34.2,26.4,17.4,170,NORMAL
Hom,57.4,48.8,75.6,32.1,24.4,17.1,169.9,DELGADO
Hom,57.6,48.5,72.8,30.5,26.2,20,167.8,NORMAL
Hom,60,50.7,76.3,32.9,24.2,17.1,161.1,NORMAL
Hom,64.9,52.3,80.4,33.5,26,19,169.4,NORMAL
Hom,61.1,54.7,76,35.3,25.8,17.9,170.2,NORMAL
Hom,61.7,50.9,82.5,35.8,25.2,17.1,158.6,NORMAL
Hom,58.4,52.3,80.8,33.4,23.6,16.2,154.9,NORMAL
Hom,74,56.4,86,35.7,25.4,17.6,171.3,NORMAL
Hom,56.4,49,74,33.6,24.1,17.3,164.1,NORMAL
Hom,66.2,52.7,86.3,33.9,25.6,17.9,169.3,NORMAL
Hom,61.8,50,77.7,31.1,26.8,19.7,172.5,NORMAL
Hom,53.5,47.6,72.4,30.5,24.1,17.1,167.4,DELGADO
Hom,70.8,53,94.1,33.8,25.7,18.5,162.4,NORMAL
Hom,74.1,56.8,89.2,35.8,26.2,18.6,165.4,NORMAL
Hom,66,52.9,81.3,34.3,25.5,17.6,167.3,NORMAL
Hom,75.6,53.7,91.9,35.6,24.6,18,164.2,OBESO
Hom,63.2,53.3,83.4,33.6,24.5,18.2,161.1,NORMAL
Hom,72.6,53.4,88.3,34.5,24.2,17.8,162.5,NORMAL
Hom,67.5,51.5,87.3,34.8,25.1,18.1,158.3,NORMAL
Hom,57.5,48.5,76,31.9,24.6,17.5,161.7,NORMAL
Hom,68.8,53.3,86.7,35.3,25.5,17.8,169.6,NORMAL
Hom,75.8,57.6,96,35,25.9,18.2,167.6,NORMAL
Hom,58.3,54.7,80.1,33.6,23.9,17.4,156.7,NORMAL
Hom,66.2,56.2,85.2,34.1,23.7,17.4,161.2,NORMAL
Hom,51.9,49.9,77.3,31.7,22.3,17,155.4,NORMAL
Hom,62.3,54.4,72.6,32.4,26,18.3,168.3,NORMAL
Hom,66.3,55.9,84,33.2,24.6,18.2,164.7,NORMAL
Hom,71.6,56.9,88.1,34.7,25.7,18.7,164.1,NORMAL
Hom,72,56.5,92,34.1,25.3,17.7,164.6,NORMAL
Hom,65.8,51.2,85.7,32.3,24,16.9,162.9,NORMAL
Hom,59.3,50.4,83.2,32.7,23.2,16.2,158.2,NORMAL
Hom,56.3,52.2,76.3,30.6,26,18.9,164,NORMAL
Hom,72.5,58.3,86.7,34.4,24.2,17.9,166.4,NORMAL
Hom,62,50.5,77.3,32.4,25.4,18.2,169.4,NORMAL
Hom,76.4,53.4,91.5,36,25.4,19,171.4,NORMAL
Hom,64.2,53.5,78,32.8,26.2,19.4,169.7,NORMAL
Hom,54.5,49.6,80.6,30.5,24.9,17.9,162,NORMAL
Hom,72.5,56.5,94.6,36.4,23.3,16.5,157.8,OBESO
Hom,74.8,59.7,86.3,35.7,26.4,19.1,170,NORMAL
Hom,66.3,57.2,79,33.9,24.5,17.8,164.3,NORMAL
Hom,65,54.7,87.8,33.3,23.1,17.2,157.7,NORMAL
Hom,62,52,73.9,32.7,26,19,168.3,NORMAL
Hom,63.5,52.3,79.5,32.9,26.9,19.5,174.4,NORMAL
Hom,64.4,53.9,74.9,34.6,24.9,17.8,169.7,NORMAL
Hom,72.1,56.1,88.3,34.4,26,18.3,168.8,NORMAL
Hom,58.7,50.5,79.4,33,23.9,17.5,166.9,NORMAL
Hom,68.9,55.5,86.8,34.1,25.4,17.4,162.6,NORMAL
Hom,52.4,51.6,73.5,31.4,23.6,16.5,158.4,NORMAL
Hom,60.3,52,80.3,33,24.9,18.1,163.4,NORMAL
Hom,61.8,55.3,87.3,32.7,23.3,17,158,NORMAL
Hom,65.6,55.7,78.1,36.5,26.7,18.5,173.8,NORMAL
Hom,59.8,53.4,77.2,31,25.5,17.8,167.3,NORMAL
Hom,60.1,49,76.8,31.6,27.2,20.2,170.9,NORMAL
Hom,58.3,51.2,74.5,32.1,25.4,17,171.2,DELGADO
Hom,50.7,46.3,72.7,30.4,23.5,16.7,159.5,DELGADO
Hom,,50.9,73.4,31.4,24.6,18.6,168.3,DELGADO
Hom,65.3,52.9,81.5,33.3,25.4,17.9,166.3,NORMAL
Hom,63.8,49.5,78.9,32.5,26,18.7,177.1,NORMAL
Hom,54.3,48.4,74.1,31.7,25.4,17.5,162.8,NORMAL
Hom,58.9,49.2,80.4,31.4,23.6,16.8,158.8,NORMAL
Hom,46,45.2,67.3,30.4,22,16.8,161,DELGADO
Hom,53.7,48.2,67.3,30.8,24.6,17.7,167.3,DELGADO
Hom,64.1,50.7,82,32.7,24.7,17.6,172.7,NORMAL
Hom,51.6,47.4,70,30.2,23.5,17.6,165.3,DELGADO
Hom,57.3,50.2,71.8,31.2,24.8,17.4,169.1,NORMAL
Hom,72.5,58.1,86.1,35,26.1,19,173.4,NORMAL
Hom,55.1,53.4,74.9,32.8,23.4,17.7,161.3,NORMAL
Hom,63.7,55.4,82.7,35.1,23.5,16.7,157.5,NORMAL
Hom,55.8,49.9,69.1,30.7,24.5,17.4,170.8,DELGADO
Hom,51.4,50.3,69.1,31.6,23.2,17.3,160.2,NORMAL
Hom,70.8,56.1,79,35.4,26.5,18.6,171.5,NORMAL
Hom,60.5,55.1,72,35.3,24.7,18,166.9,NORMAL
Hom,76.1,57,94.7,36.5,25.2,18.5,165.8,NORMAL
Hom,59.7,51.9,78.3,31.3,25.8,18.5,170.4,NORMAL
Hom,69.8,54.7,90.6,34.9,24.5,18,161,NORMAL
Hom,70,53,92.2,35.3,23.8,17.1,159.2,NORMAL
Hom,81,59.4,91.3,37.1,25.7,18.1,177.3,NORMAL
Hom,83.8,61.7,93.1,36.4,25.9,18.5,175.4,NORMAL
Hom,71.4,52.9,82.2,34.2,26.8,19.6,180.1,NORMAL
Hom,59.4,53.2,84.9,32.4,23.4,16,154.6,NORMAL
Hom,52.9,48.8,81.9,30.8,24.2,17.7,165.6,DELGADO
Hom,81,60,97.3,36.9,25.1,17.7,167.1,OBESO
Hom,79.1,58.4,80.5,35.9,27.1,18.6,173.9,NORMAL
Hom,61.8,49.2,90,32.2,23.6,17.4,158.6,NORMAL
Hom,60.8,53.3,75.4,35.2,24.3,17,167.7,NORMAL
Hom,67.3,54.1,88.6,34.3,23.2,17.7,163.7,NORMAL
Hom,60.7,53.6,79.8,31.7,23.2,16.8,158.3,NORMAL
Hom,62,51.1,77.1,32.4,25.2,18.9,171.5,NORMAL
Hom,62.4,52,82,32.3,24.4,18.1,165,NORMAL
Hom,71.2,58,87.2,34.2,25.6,17.7,166.6,NORMAL
Hom,61.4,51.2,79.6,32.8,25,17.3,170.7,NORMAL
Hom,70,57.4,80.9,34.8,24.9,17.2,163.4,NORMAL
Hom,59.1,51.9,75.3,35.4,24.6,18.1,170,NORMAL
Hom,69.6,53.8,87.1,36.3,24.6,17.6,174.9,NORMAL
Hom,75.5,62.3,85,39.5,24.5,17.7,167.2,NORMAL
Hom,75.9,55.6,88.4,37.5,25.7,18.4,176.4,NORMAL
Hom,76.1,60.6,92.4,39.2,23.9,16.9,164.3,OBESO
Hom,73.1,58.5,86.4,38,24.3,17.6,170.2,NORMAL
Hom,57.7,50,75.5,33.9,24.1,17.5,167.4,NORMAL
Hom,65.8,55.5,83.3,37,23.6,16.8,163.2,NORMAL
Hom,69.6,54.4,93.1,35.2,25.2,18,167.4,NORMAL
Hom,62.1,51.1,76.7,34.1,25.2,18.2,168.3,NORMAL
Hom,80.7,60.7,95.1,36.4,25.6,18.7,167.8,OBESO
Hom,70.8,56.9,91.8,37.6,24.4,17.5,162.4,NORMAL
Hom,,53.9,79.4,34.9,25.2,18.6,176,NORMAL
Hom,77.7,63.7,,37.1,25.5,17.7,169.7,NORMAL
Hom,64.4,51,95.3,33.9,22.9,16.7,159.1,NORMAL
Hom,89.2,58.3,107.3,39,,19.1,180.5,NORMAL
Hom,59.8,50.9,77.7,34.5,24.4,,167,NORMAL
Hom,79.9,57.9,91.6,37.3,26.1,18.1,176.1,NORMAL
Hom,89.5,60,99.9,40.7,27.5,19,177.3,OBESO
Hom,73,56.2,90.5,38.2,26.7,17.8,172.9,NORMAL
Hom,75,57.4,90.2,35,27.4,19,177.5,NORMAL
Hom,71.3,59.7,84.4,38.5,25.2,17.5,168.9,NORMAL
Hom,58.2,50.3,74.7,35.9,26.5,17.8,172.7,DELGADO
Hom,67.3,51.8,92.5,34.7,24.2,17,158.1,NORMAL
Hom,70.4,56.6,85.3,36.7,25.5,18,175.2,NORMAL
Hom,79.7,59,94.3,36.7,26,19,173.7,NORMAL
Hom,76.1,58.5,85.7,38.5,27.9,19.8,178.8,NORMAL
Hom,70,53,89.2,37,25,18.5,172.7,NORMAL
Hom,55.7,48.4,76.3,32.7,25.8,18,166.2,NORMAL
Hom,74.3,53.7,92.1,35.8,26,18.5,169.2,NORMAL
Hom,79.2,55.6,90.7,38.6,26,18.4,173.5,NORMAL
Hom,52.1,48.1,80.1,29.6,22.5,17,152.9,NORMAL
Hom,66,57.4,86.7,34.5,24.4,18.4,157.6,NORMAL
Hom,60.4,54.5,75.5,34.8,26.2,18.3,174.3,DELGADO
Hom,86.7,61.6,95,37.1,26.4,20,174.1,OBESO
Hom,71.7,60.5,92.9,35.6,24.6,17.4,162.6,NORMAL
Hom,78.2,59.8,95.1,35.7,25.2,18.6,171,NORMAL
Hom,70,55.1,78.9,35.6,26.6,19.9,177.1,NORMAL
Hom,59.2,49,78.5,34.2,26,19.4,169.7,NORMAL
Hom,67,56.6,84.8,36.9,25.7,18.6,170.9,NORMAL
Hom,72.6,53.6,87.7,36.6,26.1,18.3,174.9,NORMAL
Hom,71.5,58.6,94.2,36.8,25.4,18.4,161.2,NORMAL
Hom,66.5,57.1,75.9,34.6,24.8,17.9,167,NORMAL
Hom,90.8,61.1,102.5,,26.4,20,170.6,OBESO
Hom,58.3,49.7,67.4,33.2,25.6,18.6,171.5,DELGADO
Hom,77,59.7,91.1,38.9,25.4,18.4,171.1,NORMAL
Hom,66,56.1,88,35.9,23.6,16.6,160.8,NORMAL
Hom,70.1,55.6,78.3,35,25.4,18.6,172.5,NORMAL
Hom,62.5,51.9,78.1,34.4,24.1,18.6,167.3,NORMAL
Hom,78.2,58.4,90.6,36.6,24.3,18.1,169,NORMAL
Hom,94.6,64.1,99.5,39.5,26.5,19.1,176.5,OBESO
Hom,65.5,54,82.2,33.4,24.9,17.1,163.5,NORMAL
Hom,74.5,58.4,96.1,36.8,23.8,17.4,162.3,OBESO
Hom,79.9,58.6,93.6,36.4,26.6,18.1,175.6,NORMAL
Hom,80.7,59.9,96.6,38.8,23.8,17.8,174.2,NORMAL
Hom,65.9,55.4,83.1,35.3,24.6,17.7,167.4,NORMAL
Hom,61.9,54.2,83.6,36.4,23.6,16.7,161.5,NORMAL
Hom,81.8,61.1,95,37.8,24.6,17.3,168.1,OBESO
Hom,66.2,54.9,84.2,35.1,25,17.5,162.5,NORMAL
Hom,72,59.3,79.5,37.7,26.8,17.8,171.8,NORMAL
Hom,75.2,56.8,84.3,37.5,28.2,19,,NORMAL
Hom,73.7,58.5,86.7,36.6,25.7,18.8,173.7,NORMAL
Hom,63.3,49.9,80.6,34,26.2,19.1,174.6,NORMAL
Hom,66,51.3,96.4,34.1,22.6,15.3,152.2,OBESO
Hom,79.5,60,94.7,37,25,18.5,166.9,OBESO
Hom,,55.3,82.6,37.1,24.9,18,172.5,NORMAL
Hom,72.9,57.6,90.3,34,24.4,16.4,164.9,NORMAL
Hom,58.6,46.8,76.6,33.7,25.6,18,170.3,NORMAL
Hom,79.2,61.4,94.1,38.2,23.7,18.1,164.7,OBESO
Hom,71.5,55.6,78.4,36.6,26.8,19.7,178.3,NORMAL
Hom,71.7,56,93.2,34.2,25,17.9,164.4,NORMAL
Hom,78.1,57.6,94.2,37.1,26.7,19,171.9,NORMAL
Hom,70.3,56.8,86.4,35.8,26.4,19,174.4,NORMAL
Hom,63.4,50.7,79.2,33.8,24.8,17.9,173.8,NORMAL
Hom,76.8,53.4,93.1,36.2,26.2,18.8,169.9,NORMAL
Hom,87.1,59.9,96,40.1,26.7,20,176,OBESO
Hom,77.9,56.9,94.5,37.6,26.4,19.4,172.5,NORMAL
Hom,74.7,54.7,97.9,35.8,25.2,17.5,164.7,NORMAL
Hom,76.8,58.3,93.4,38.6,26.2,20.4,172.4,NORMAL
Hom,67.8,55.9,81.6,35.4,25.5,18,171.7,NORMAL
Hom,68.4,56.4,87.6,37.3,26.1,18.8,165.1,NORMAL
Hom,70,55.9,76.7,36.3,25.6,18.2,180.2,NORMAL
Hom,75.5,54,97.1,38.4,24.8,19.1,169.6,NORMAL
Hom,80.6,63.4,95.4,37.9,23.7,16.7,168.2,OBESO
Hom,60.5,52.2,77.8,32.7,23.9,17.9,169.2,NORMAL
Hom,80.1,60.6,87.3,38.6,26.5,19,175.5,NORMAL
Hom,68.9,53.5,89.5,33.8,23.2,16.5,168.4,NORMAL
Hom,74.8,59.2,86.8,37.4,27.3,19.6,171.5,NORMAL
Hom,59.7,52.7,74.7,34.1,24.3,17,168.5,NORMAL
Hom,78.3,57.9,91.8,37.2,25.9,17.5,170.3,NORMAL
Hom,73.5,56.5,91.8,38.4,25.4,18.4,171.2,NORMAL
Hom,82.2,63.4,93.5,38.7,26,18.6,175.1,NORMAL
Hom,71.6,55,88.2,34.1,24,17.2,168.3,NORMAL
Hom,81.5,58.4,94.9,38.7,25,18,170.7,OBESO
Hom,103.3,63.4,117.1,41.6,25.6,17.6,168.2,OBESO
Hom,77.8,60.4,93.5,38,24.2,17.4,164.4,OBESO
Hom,77.6,57.3,93.6,39.5,26,19,174,NORMAL
Hom,92,64,98.5,39.7,25.3,18.3,177.6,OBESO
Hom,85.6,64.8,96.2,40.6,25.3,18.9,169.7,OBESO
Hom,68.3,56,89.5,37.8,26.3,18.5,166.7,NORMAL
Hom,77.2,55.1,91.7,37.5,25.5,18.5,175.5,NORMAL
Hom,87.6,,96.1,40.7,26.6,18.5,171.1,OBESO
Hom,73.4,54.1,94.2,37,23.7,17.2,165.1,NORMAL
Hom,70.4,56.3,92.4,38.3,24.6,17.1,163.8,NORMAL
Hom,70.2,56.7,97.2,37.7,23,16.7,156.5,OBESO
Hom,87.4,64,99,38.6,27.1,19.9,172.1,OBESO
Hom,66.7,54.1,86.7,34,26.1,19.5,169.9,NORMAL
Hom,89.5,63.3,96.9,39.7,27,20,174.2,OBESO
Hom,75.8,55.4,95.6,35.9,23.6,17.5,159.5,OBESO
Hom,92.1,64.7,95.5,40.6,25.9,19.4,179.9,OBESO
Hom,77.9,57.5,86.8,41.1,26,19.5,174.6,NORMAL
Hom,66,51.9,85.3,35.6,25,18.8,169.7,NORMAL
Hom,101.8,65.3,108.6,40.5,25.4,17.4,169.5,OBESO
Hom,98.2,66.1,102.2,,26.8,18.9,184.5,OBESO
Hom,61.5,53.2,86,34.7,26.2,18.5,170.5,NORMAL
Hom,84,62.3,100.7,40.1,25,16.6,167.3,OBESO
Hom,81.6,62.2,,39.1,25.8,18.5,172.1,NORMAL
Hom,73.5,55.2,89.3,36,24.1,17.8,171.8,NORMAL
Hom,69.7,53.1,90.7,36.2,24,17.8,161.7,NORMAL
Hom,71.3,56.6,83.6,,26.7,18.7,170,NORMAL
Hom,65.8,56.7,86.4,36.3,,18,169.9,NORMAL
Hom,53.4,49.2,80.4,31.3,22.2,16.5,163.7,DELGADO
Hom,65.5,54.5,79.1,34.7,24.5,18.5,171.9,NORMAL
Hom,82.5,60.9,93.3,39.1,25.1,18.5,173.3,NORMAL
Hom,70.4,54.8,82.3,34.4,25.2,18.1,174.7,NORMAL
Hom,74.4,57.8,91.1,38.2,24.5,17.9,172.4,NORMAL
Hom,76.4,55.5,102,35.7,25.1,18.4,166.1,NORMAL
Hom,63.8,,78.9,35.4,25.5,19,173.1,NORMAL
Hom,67.5,54.5,87,35.7,25.9,18.9,176.7,NORMAL
Hom,61.3,54.7,77,34.4,24.6,18,163.1,NORMAL
Hom,73.8,55.4,89.2,35.1,25.5,19.5,,NORMAL
Hom,60.5,49.7,78.7,33.5,26.7,19.4,171.7,NORMAL
Hom,82.6,59.8,93.3,37.4,26.3,19.5,172.9,NORMAL
Hom,75.5,57.4,89.3,37.1,25,18.9,170.2,NORMAL
Hom,79.5,58.2,102.3,37.9,23.6,17.6,165.6,OBESO
Hom,84.5,60,97.3,37.9,26.1,19.2,174.6,NORMAL
Hom,63.7,57.8,76.3,37.1,24.8,17.3,167.6,NORMAL
Hom,69.3,54.2,93.2,36.5,24.3,18.1,160.3,NORMAL
Hom,82.6,63.7,98.4,38.9,23.9,17.2,161.2,OBESO
Hom,72.2,57.7,98.2,35.4,23.1,17.1,158.1,OBESO
Hom,80.1,59.4,94.5,37.6,25.3,18.8,174.7,NORMAL
Hom,60.4,49.6,82.6,34.3,24.5,17.6,161.6,NORMAL
Hom,70,52.1,89.2,35.2,26.3,19,174.3,NORMAL
Hom,68.5,57.3,88.3,35.2,24.5,17.6,162.8,NORMAL
Hom,76.2,55.5,89.6,35.6,26.7,20,175.9,NORMAL
Hom,66.9,57,82.6,36.2,25.2,18.3,163.6,NORMAL
Hom,56.5,50.1,72.4,30.9,25,18.3,164.2,NORMAL
Hom,70.1,55.3,83.2,35.4,25.9,18.3,172.6,NORMAL
Hom,80.7,56.2,91.9,36.9,26.1,19.1,170.6,NORMAL
Hom,74.2,55.1,89.1,34.6,23.8,17.8,168.6,NORMAL
Hom,82.6,55.8,94.7,41.7,26.8,19,172.1,NORMAL
Hom,72.9,58.8,85.1,38,24.8,17.4,162.9,NORMAL
Hom,73.4,56.3,93.6,38.6,25,19,167,NORMAL
Hom,70.4,58,79.5,36.5,26.4,18.8,169.8,NORMAL
Hom,75.9,56,88,36.5,25.9,18.3,178.1,NORMAL
Hom,53,45.6,76.2,32.3,23.6,18.1,162,NORMAL
Hom,79.2,52.1,93.3,35.9,25,17.8,174.8,NORMAL
Hom,77.3,58.7,84.5,36.9,26.1,18.7,175.3,NORMAL
Hom,72.6,57.7,81.7,37.8,24.4,17.6,167.7,NORMAL
Hom,56.1,51.4,80.1,33.5,22.3,16.8,158.2,NORMAL
Hom,71.1,51.3,89.4,34.3,25,18.8,166.6,NORMAL
Hom,67.2,50.3,94,33.2,24.6,17.4,160.4,NORMAL
Hom,69.9,55,90.8,34,26,18.6,167.4,NORMAL
Hom,60.8,52.8,77.9,35.6,25,16.8,167.4,NORMAL
Hom,65.5,52.7,85.6,34,24.9,17.3,168.8,NORMAL
Hom,63.8,51.6,81.3,33.2,25.4,19,165.9,NORMAL
Hom,85.5,57.1,100.4,37.6,26.2,19.4,173.2,OBESO
Hom,75.1,55.3,86,37.5,25.1,18.1,167.5,NORMAL
Hom,73.9,52.1,92,36.7,25.7,18,178.2,NORMAL
Hom,68.5,54.5,89.1,35.4,25.6,18.2,161.7,NORMAL
Hom,80.9,64,98.2,37,23.2,17.1,160.9,OBESO
Hom,89.6,65.1,102.1,40.1,26,18.6,168,OBESO
Hom,75.8,61.4,85.6,38.3,25.7,19.2,180.5,NORMAL
Hom,59.6,52,76.4,33.7,24.2,16.8,164,NORMAL
Hom,69.8,56.8,85.4,34.5,25,16.5,161.2,NORMAL
Hom,73.6,54.2,83.3,36.3,27.2,20.4,176.2,NORMAL
Hom,62.8,51.6,85.9,36.1,24.6,17.8,163.4,NORMAL
Hom,65.5,55.1,81.9,34.6,24.5,17.6,168.6,NORMAL
Hom,90.6,62.4,92.1,40.5,26,18.8,183.8,NORMAL
Hom,66.9,53.6,88,36,23.5,18.3,161.1,NORMAL
Hom,103.4,64.2,110.4,40.8,26.5,20.2,172.3,OBESO
Hom,80.8,59.7,93.3,39.5,25.9,18.2,170.6,NORMAL
Hom,67.5,55.2,82.3,36.8,24.8,17.7,169.5,NORMAL
Hom,68.9,56,77.5,38.2,24,18.1,169.3,NORMAL
Hom,81,58.5,88.2,37.8,26.9,19.7,173.9,NORMAL
Hom,75.4,61.7,86.8,38.9,24.3,18.5,172.6,NORMAL
Hom,71.4,53.1,88.3,34.3,25.8,18.2,166.9,NORMAL
Hom,62.3,49.6,78.5,33.6,25.7,18.9,165.5,NORMAL
Hom,84.8,59.8,82.6,37.6,26.1,18.8,180.7,NORMAL
Hom,62.6,52.5,78,35.2,25.9,17.6,167.5,NORMAL
Hom,67.1,57.1,92.9,34.6,24.6,17.9,166.2,NORMAL
Hom,81.7,57.8,90,37.6,26.5,19.2,170.7,OBESO
Hom,59.1,52.5,78.1,33.1,23.5,18.1,164,NORMAL
Hom,71.4,52.4,94.4,36.7,23.7,17.7,165,NORMAL
Hom,75.6,56.4,88.6,37.6,26.4,17.4,170.2,NORMAL
Hom,59.7,51.2,72.3,32.7,26,18,167.8,NORMAL
Hom,70.5,53.2,92,36.3,25.6,18.3,171.2,NORMAL
Hom,54,49.3,70.7,33.2,23.7,17,164.4,NORMAL
Hom,82.4,58.2,98,36.5,25.5,18.6,178,NORMAL
Hom,76.7,54.7,88.4,34.7,24.9,18.2,171.3,NORMAL
Hom,50.3,46.6,69.7,31.5,24.2,17.4,160.7,DELGADO
Hom,83.9,61.3,88.1,38.1,27.5,19.5,180.3,NORMAL
Hom,64.9,51.9,87,30.9,24.5,18,161.1,NORMAL
Hom,66.1,51.2,84.3,32.4,23.7,18.7,165.4,NORMAL
Hom,52.8,47.9,66.5,32.6,24.9,18,167.5,DELGADO
Hom,59,50,70.1,33,26.6,18.7,179.1,DELGADO
Hom,51.4,48,69.6,32.5,25.4,18.6,166.3,DELGADO
Hom,84.5,54.9,97.3,36.1,25.8,19.4,171.1,OBESO
Hom,64.9,54,70.9,33.8,26.6,19.2,179.4,NORMAL
Hom,70.2,57.8,87.3,35.6,26.4,18.7,166.6,NORMAL
Hom,75.7,55.1,93.1,36.3,25.9,18.3,165.9,NORMAL
Hom,73.5,58.1,91.4,34.7,25.6,17.8,171.2,NORMAL
Hom,69.8,57.8,78.3,35.7,25,18.6,176.1,NORMAL
Hom,62,50.6,72.5,31.7,27,18.8,175.7,NORMAL
Hom,81.1,60.7,94.4,39.2,25.5,18.8,172.5,NORMAL
Hom,60.1,49,90.3,31.6,22.9,18.1,153.6,NORMAL
Hom,79,59.1,91.7,38.7,24.5,18.6,174.9,NORMAL
Hom,92.3,61,107,39.7,26.5,19.7,166.4,OBESO
Hom,56.5,49.8,70.1,33.2,25.3,18.1,171.5,DELGADO
Hom,68.9,54.1,79.8,34.7,24.9,18.5,176.4,NORMAL
Hom,58.9,50.2,69.2,34.2,26,19.1,180.9,DELGADO
Hom,108.7,68.1,113.2,42,24.7,18.2,164.7,OBESO
Hom,71,51.7,97.6,35.8,24.7,17.7,161.4,NORMAL
Hom,58.8,51.1,80.4,35,23,17.9,159.7,NORMAL
Hom,82,59.2,95.9,37.1,26.7,18.6,168.2,OBESO
Hom,68.7,52.2,92.2,36,25.4,17.2,168.7,NORMAL
Hom,76.6,58.8,79.1,36.6,27.9,18.7,184.8,NORMAL
Hom,70.5,56.5,78.3,38.7,25,19.3,174.3,NORMAL
Hom,69,51.4,96,34.8,23.1,16.9,158.8,NORMAL
Hom,65.9,55.1,81.5,36.3,25.1,18.1,168.6,NORMAL
Hom,76.1,54.4,89.7,35.7,25.4,18.3,166.8,NORMAL
Hom,80.3,57.7,93,35.6,26.6,19.1,174.4,NORMAL
Hom,,62,102.6,39.2,27.5,19.8,182.8,OBESO
Hom,78.8,58.5,93.3,38.2,26,19.1,167.2,OBESO
Hom,71,53.4,92.5,35.6,25.6,18.8,169.4,NORMAL
Hom,62.4,52,71.4,35.4,25.5,18.2,173.6,NORMAL
Hom,66.2,52.1,87.9,33.8,24.1,17.5,161.1,NORMAL
Hom,70.4,55.5,78.7,35.8,26.1,18.7,173.3,NORMAL
Hom,51.6,46.8,81.5,32.5,23.8,16,156.3,NORMAL
Hom,73.6,58.2,84.3,36,25.9,18.8,175.5,NORMAL
Hom,72.6,58,87.3,36.8,26.7,19.8,173.3,NORMAL
Hom,89.3,65.7,97.6,39.6,23.9,17.5,168.9,OBESO
Hom,80.3,56.5,88.3,37.1,26.5,19.4,184.8,NORMAL
Hom,86.5,62.2,93.4,39.7,26.2,18.7,174.1,OBESO
Hom,75.2,60.3,89.8,38.5,24,17.3,166.8,NORMAL
Hom,54.9,47.7,73.8,33.5,26,18.7,178.5,DELGADO
Hom,53.6,50.8,70,31.2,22.6,16.1,160.8,NORMAL
Hom,65.7,54.6,84.8,34.3,22.5,16.5,160.7,NORMAL
Hom,68.5,54.6,85.3,36.4,24.7,17.3,166.7,NORMAL
Hom,81.9,64.3,92.4,39.9,25,18,167.4,OBESO
Hom,54.5,49,70.3,31.2,24.7,17.9,162.1,NORMAL
Hom,90.9,65.6,99.7,38.4,24.2,17.8,164.3,OBESO
Hom,70.2,59,82.3,36.6,25.9,18.7,165.6,NORMAL
Hom,67.1,53.6,78.6,32.7,25.5,18.1,172.4,NORMAL
Hom,88.6,62.1,95.7,35.8,26.3,18.8,174.5,OBESO
Hom,53.6,47.5,67.4,32,25,18.4,170.3,DELGADO
Hom,61.4,52,74.3,32.9,25.9,19.3,172.5,NORMAL
Hom,56.5,51.1,71.5,31,24.1,16.9,163.5,NORMAL
Hom,62.6,53.6,75.7,32.7,23.9,18.3,173.5,NORMAL
Hom,69.7,53.3,80.5,33.1,25.8,18.3,178.8,NORMAL
Hom,50.7,48,72.5,30.7,22.6,16.5,156.7,NORMAL
Hom,51.4,46.1,73.9,31.2,25.2,18.2,166.7,DELGADO
Hom,71.3,53.9,83.1,34.4,25.5,19,175.4,NORMAL
Hom,73.6,59,78.3,32.6,26.1,20.4,172.5,NORMAL
Hom,64.9,52.8,76.1,31.7,24.8,18.4,170,NORMAL
Hom,78.7,57.5,86.3,33.9,25.5,18,174.7,NORMAL
Hom,48.8,45.6,66.2,29.9,25.3,18.5,164.8,DELGADO
Hom,66.6,58.5,76.6,34.3,24.7,18.5,171.9,NORMAL
Hom,68.1,56.4,88.5,34.2,24.7,17.8,159.7,NORMAL
Hom,67,54.6,81.5,33.5,23.8,16.5,163.2,NORMAL
Hom,71.2,55.2,82.4,33.9,24.9,17.9,170.5,NORMAL
Hom,69,55.2,74.3,32.5,25.2,17.8,177.9,NORMAL
Hom,74.5,54.7,84.4,34.6,25.5,18,171.4,NORMAL
Hom,64.1,52.3,79,33.1,24.6,18.1,173.5,NORMAL
Hom,66.7,55.4,81,31.4,26.4,18.6,165.8,NORMAL
Hom,76.2,59.5,82.4,35.2,25.1,18.3,172.2,NORMAL
Hom,70.7,52.3,90.4,32.3,25.9,18.4,165.6,NORMAL
Hom,53.8,48.2,71.6,30.9,23.9,17.3,157.3,NORMAL
Hom,60.8,51.1,74.6,31.4,25.2,18.2,168.6,NORMAL
Hom,77.9,61.4,81.2,35.2,26.9,19.3,174.1,NORMAL
Hom,74.4,58.4,79,34.4,26.6,19.6,178,NORMAL
Hom,62.6,53.5,73.9,31.2,25.6,18,164.9,NORMAL
Hom,55.6,48.6,73.1,30.9,24,18.4,167.1,DELGADO
Hom,58,47.3,72.6,33.7,25.7,18.6,182.7,DELGADO
Hom,68.2,53.1,82,32.7,25.7,18.1,177.5,NORMAL
Hom,48.7,45.6,69.8,28.9,22.5,16.7,157.8,DELGADO
Hom,66,51.3,90.3,32.2,24,17.1,163.7,NORMAL
Hom,55.7,52.1,74.2,31.9,23.6,17.4,163.2,NORMAL
Hom,64,57.5,79.2,31.9,24.1,18.1,162.7,NORMAL
Hom,71.6,57.7,82,31.7,26.3,18.4,180.9,NORMAL
Hom,71.7,58.6,79.8,34.4,24.9,18.2,166.4,NORMAL
Hom,67.2,54.7,85,33.7,24,18,170.6,NORMAL
Hom,56.7,48.1,76.3,31.1,24.2,18.2,163,NORMAL
Hom,52,49.3,71.6,29.5,23.5,17.3,159.2,NORMAL
Hom,79.6,60.7,86.4,35.5,25.9,18.2,165.1,OBESO
Hom,52.5,50,71.4,30.2,24.1,17,159.4,NORMAL
Hom,62.7,54.3,77.5,31.4,24,17.8,162,NORMAL
Hom,66.7,53.5,76.2,31.8,25.2,18.2,166.9,NORMAL
Hom,71.2,55.6,91.4,32.8,24.5,16.9,161.2,NORMAL
Hom,81.3,61.1,90.3,32.6,25.2,18.4,169.6,OBESO
Hom,52.6,48.2,69.6,30.4,24.2,18,160.9,NORMAL
Hom,75.1,57.1,88.3,33.6,26,19.1,172.4,NORMAL
Hom,79.8,55.9,96.8,33.6,26,19.1,174.4,NORMAL
Hom,63,54.5,77.6,31,25.4,19,169.1,NORMAL
Hom,69.6,57.9,81.5,35.1,23.6,17.1,168.4,NORMAL
Hom,68,53.4,78.5,32.8,25.1,19,179.2,NORMAL
Hom,64.7,52.9,83.5,31.2,24.5,17.5,162.3,NORMAL
Hom,52.4,48.6,75.7,28.6,22.1,17.1,157.6,NORMAL
Hom,75,59.2,88.1,32.7,24.1,17.3,166.6,NORMAL
Hom,74.6,58.5,89.3,34.1,23.7,17.4,164.2,NORMAL
Hom,69.3,55.5,86.4,33.1,25,17.5,168.8,NORMAL
Hom,64.4,51.4,82.2,30.9,25.5,18.1,169.5,NORMAL
Hom,82.3,59.5,104,35.5,24.8,18.4,170.3,OBESO
Hom,80.2,61,86.2,35.4,27.3,19.1,177.4,NORMAL
Hom,59.1,53.3,77.2,31.5,23.2,16.7,161.3,NORMAL
Hom,70.3,54.5,76.9,31.5,26.6,19.8,175.7,NORMAL
Hom,69.7,54.4,86.9,33.2,24.4,17.2,164.6,NORMAL
Hom,51,47.6,72,30.5,23.5,16.4,154.9,NORMAL
Hom,71.1,56.8,81.9,33.4,25.6,18.1,167.5,NORMAL
Hom,46.4,42.9,68.4,28.4,23.6,16.9,161.4,DELGADO
Hom,59.2,50.4,77.5,30.4,24.2,16.8,159.5,NORMAL
Hom,54.8,45.2,69.5,30.9,25.2,17.3,170.4,DELGADO
Hom,61.5,53.6,74.6,31.8,24.7,18.3,168.7,NORMAL
Hom,62.8,50.3,84.2,32.4,25.5,18.1,172.9,NORMAL
Hom,69.2,52.1,87,34.1,25.1,18,163.4,NORMAL
Hom,54.9,48.3,67.1,31.4,25.5,18.2,171.4,DELGADO
Hom,61,50.6,83.4,31.8,24.2,18.2,159.4,NORMAL
Hom,46.6,45.4,67.3,28.4,23,16.6,155.9,DELGADO
Hom,51.6,47.9,71.8,30.6,25,18.2,168.5,DELGADO
Hom,63.5,51.5,80.5,33,24.6,17.1,169.6,NORMAL
Hom,68.2,53,90.5,34.2,24.9,19.3,158.8,NORMAL
Hom,78.1,55.7,92.5,35.4,24.1,18,171.3,NORMAL
Hom,63.6,49.7,88.5,32.6,24.5,18,157.9,NORMAL
Hom,64.5,51.5,77.5,32.2,25.5,18.5,168.6,NORMAL
Hom,61.1,46.5,72,29.5,26.6,19.7,172.4,NORMAL
Hom,60.1,51.2,82.3,31.8,25.6,19,163.1,NORMAL
Hom,66.2,55.3,78.7,33.7,26.6,19.1,174.5,NORMAL
Hom,65.1,52.1,81,33.3,25.2,19,166.4,NORMAL
Hom,71.7,57.3,76.7,33.7,25.9,18.2,172.7,NORMAL
Hom,63.9,50.6,75.6,31.5,24.9,18.6,173.1,NORMAL
Hom,58,48.6,70.2,31.6,26.3,18.9,174.2,DELGADO
Hom,59,50.5,80.5,30.6,23.3,17.9,151.7,NORMAL
Hom,68.7,59.5,81.5,34.3,23.7,17.9,165.1,NORMAL
Hom,65.4,53.5,77.2,33.2,25.8,18.1,167.2,NORMAL
Hom,73.5,57.9,83.9,33.1,26.3,19.6,169.5,NORMAL
Hom,54.4,51.7,77.1,30.6,23.9,17.7,159.3,NORMAL
Hom,55.7,50.5,82,30.4,22.2,16.4,152.5,NORMAL
Hom,74.8,57.5,85.2,33.5,26.6,19.5,175.6,NORMAL
Hom,61.3,51.2,84.6,32.1,23.6,17.1,157.8,NORMAL
Hom,62.4,46.9,75.4,31.2,27,20.5,175.3,NORMAL
Hom,59.9,53.8,70.3,33.1,24.7,17.8,168.6,NORMAL
Hom,59,53.5,81.4,30.8,23,17.1,156.7,NORMAL
Hom,59.8,54.1,81.6,32.4,23.5,17.1,158.5,NORMAL
Hom,69.6,55,82.7,33.3,24.9,18.1,175.7,NORMAL
Hom,56.4,49.5,74.9,30.2,23.7,17.5,168.2,DELGADO
Hom,64.1,51.3,82.4,33.6,25.9,18.2,166.4,NORMAL
Hom,71.8,56.1,91.1,32.8,23.4,16.8,158.3,OBESO
Muj,86.2,69.3,99.6,42.6,24.6,18,163.2,OBESO
Muj,53.4,55.5,72.5,35.4,23.2,16.1,154.7,NORMAL
Muj,70.8,62.2,90.3,42.3,22.9,16.4,152.8,OBESO
Muj,63.7,59.4,75.9,38.7,24.4,18.6,164,NORMAL
Muj,67.7,64.6,77.9,41.2,22.8,16.5,153.3,OBESO
Muj,71.9,60.6,86.1,42.1,22.9,17.2,158.7,OBESO
Muj,66.6,59.8,86.2,41.3,22.8,16.1,153.2,OBESO
Muj,72.6,63.4,92,40.5,22.7,16.5,,OBESO
Muj,76.7,66,88.9,42.4,22.9,16.7,151.1,OBESO
Muj,74.9,60.5,86.6,39.8,24,17.2,160,OBESO
Muj,70.7,61.7,86.8,40.7,23.6,17,156.4,OBESO
Muj,69.2,58.3,86.2,38.8,23,17.1,156.7,OBESO
Muj,63.4,57,71.2,40.5,22.7,16.9,168.2,NORMAL
Muj,71.6,61.7,74.6,40.4,26,18.3,174.6,NORMAL
Muj,67.9,65.7,76.7,42.5,24.7,18.5,161.6,NORMAL
Muj,54.4,54.2,76.6,38.7,23.5,17.7,164.5,NORMAL
Muj,93.6,68.4,96.8,45.4,24.7,18.2,164.9,OBESO
Muj,59.2,56.3,77,36.3,23.4,17.1,161.4,NORMAL
Muj,68.6,63.4,81.5,41.9,22.6,16.8,154.9,OBESO
Muj,61.8,59.8,70.7,41.2,23.7,17.4,166.6,NORMAL
Muj,76.9,68.5,84,45.2,23.4,16,160.4,OBESO
Muj,67,63.3,73.8,42.6,23.1,16.8,159.8,NORMAL
Muj,59.9,55.6,77,38.8,22.7,16.3,149.7,NORMAL
Muj,51.1,56.4,67.8,37.3,21.3,16.3,152.4,NORMAL
Muj,58.5,56.8,65.7,39.8,24.9,18.1,164.6,NORMAL
Muj,46.9,50.6,66.4,37.5,21.3,15.4,151.6,NORMAL
Muj,56.2,57.4,71.6,37.6,22.3,15.9,154.6,NORMAL
Muj,69.3,64.4,89,40.9,24.3,17.4,151.5,OBESO
Muj,67.5,58.1,82.7,37.9,23.1,16.6,158.7,NORMAL
Muj,59,59.1,73.8,41.6,22.7,17.1,155.9,NORMAL
Muj,51.1,53,69.1,36.7,24.2,17.1,160.5,DELGADO
Muj,51.6,55.4,70.3,39,22,16.2,151.5,NORMAL
Muj,59.7,55.1,72.9,37.7,23.7,17.3,164.9,NORMAL
Muj,50.5,51.6,69.2,37.5,23.4,18,158.2,NORMAL
Muj,70.4,62.1,86.7,40,23.1,17,158.7,OBESO
Muj,42.7,50.4,62.8,34,22.9,16,150.3,DELGADO
Muj,51.1,54.8,67.3,37.1,22.5,16.5,155.8,NORMAL
Muj,48.7,48.2,74.2,32.7,21.7,16.4,154.2,NORMAL
Muj,59.7,58.6,69.2,37,23,17,164.9,NORMAL
Muj,45.3,51.4,61.7,37.4,22.6,16.5,152.7,DELGADO
Muj,51.4,52,67.2,36.6,22.6,17.2,163,DELGADO
Muj,50.4,52.4,68.4,37.8,23.1,16.9,158,NORMAL
Muj,59,56.4,75.3,37.8,23.5,17.1,158,NORMAL
Muj,45,47.6,66.2,35.5,22.8,16,157.4,DELGADO
Muj,45.7,47.3,67.3,33.2,21.8,16.1,152.8,DELGADO
Muj,59.6,59.8,68.1,40.9,23.4,17.5,163.1,NORMAL
Muj,55.5,55.3,70,39,22.1,17.3,161.4,NORMAL
Muj,56.7,59.1,69.5,41.5,22.8,16.6,156.9,NORMAL
Muj,49.1,49.9,64.7,37,23.6,17.6,161.8,DELGADO
Muj,57.7,57,75.5,38,23.4,17.2,157.6,NORMAL
Muj,66.4,62.1,83.6,39.9,23.1,16.8,157.2,NORMAL
Muj,46.8,52.9,62.6,38.5,21.5,16,152.8,NORMAL
Muj,83,71,93.1,45.4,22.7,16.5,155.6,OBESO
Muj,46.9,50.4,66.1,37.4,22.4,16.8,152.7,NORMAL
Muj,60.5,55.4,78.8,36.7,24.1,17.4,162,NORMAL
Muj,61.7,59.2,80.1,38.9,23.5,17.6,160.5,NORMAL
Muj,54.7,56.6,69.3,38.3,23.8,16.7,160,NORMAL
Muj,71.1,62.9,79.4,44.2,22.8,17.9,165,NORMAL
Muj,61.6,58.7,77,38.9,23.7,17.5,161,NORMAL
Muj,54.7,57.8,64.9,37.1,23.9,16.9,161.4,NORMAL
Muj,44.1,54.2,66.6,35.7,20.5,15.4,148,NORMAL
Muj,83.5,67,92.5,43.9,24.1,17.9,164.6,OBESO
Muj,57.4,57,70.9,38.4,23.2,17.4,159.7,NORMAL
Muj,54,52.8,69.6,38.7,23.5,16.7,160.2,NORMAL
Muj,,48.3,61.6,33.1,22.7,17.3,152.8,DELGADO
Muj,59.7,56.7,78.9,39.1,23.9,17.4,159.1,NORMAL
Muj,48.3,51.1,68.8,35.6,22.1,15.8,155.3,NORMAL
Muj,56.7,59.5,70.7,41.6,22,16.1,158.7,NORMAL
Muj,54.9,54.1,69.2,36.9,22.8,16.7,160.7,NORMAL
Muj,55.6,54.3,72.9,36.6,23.3,16.6,159.1,NORMAL
Muj,58.7,55.9,68.7,40.7,23.2,16.8,163.5,NORMAL
Muj,57.8,55.3,74.3,37.3,22.4,17.1,154.5,NORMAL
Muj,52.3,54,70.4,38.4,22.4,16.5,152.5,NORMAL
Muj,65.9,59.9,85.1,37.1,24.2,17.9,159.6,NORMAL
Muj,72.1,63.4,89.9,41.5,23,17.7,160.1,OBESO
Muj,57.8,52.7,70,40.3,23.9,17.7,166.9,NORMAL
Muj,53.8,56.7,67,37.7,23.7,17.1,158.9,NORMAL
Muj,61,65.5,80.1,41.8,23,16.8,152.1,NORMAL
Muj,43.9,49.8,59.6,34.9,21.1,16.4,154.1,DELGADO
Muj,57.9,59.1,72,37.5,22.6,15.8,156.7,NORMAL
Muj,86.1,,93.4,44.6,24.2,17.8,169.6,OBESO
Muj,59.6,56.5,82,38,23.8,17.2,157.1,NORMAL
Muj,70.4,60.7,83.8,41.9,25.3,19.1,171,NORMAL
Muj,69.1,61.7,80.1,39.9,24,17.7,158.6,NORMAL
Muj,62.2,55.7,78.2,39.7,25.5,17.9,164.9,NORMAL
Muj,66.8,63.9,83.6,40.8,22.7,17,156.9,NORMAL
Muj,79,62.4,87.3,40,24.6,18,166.7,OBESO
Muj,62.6,58.9,74.5,40,24.4,17.3,165.7,NORMAL
Muj,62.7,55,86.5,38.7,22.8,16.6,160.7,NORMAL
Muj,64.6,56.5,81.8,39.4,23.4,17.4,157.7,NORMAL
Muj,75.1,64.6,86,44.2,24.9,18.2,161.8,OBESO
Muj,46.4,50.8,65.9,36.9,23.1,16.3,154.8,DELGADO
Muj,81.4,67.3,98.6,42.4,22.4,16.4,153.8,OBESO
Muj,50.4,51.4,66.3,35,23.7,16.8,158.9,NORMAL
Muj,55.7,55.9,70,36.4,25,17.9,164.1,NORMAL
Muj,56.3,55.3,76.6,37.8,24,18.1,157.1,NORMAL
Muj,66,62.3,82.5,41.8,22.7,15.9,157.9,NORMAL
Muj,48.9,50,72.9,34.3,22,15.1,148.2,NORMAL
Muj,58.8,58.3,75.7,38.9,22.2,15.7,154.1,NORMAL
Muj,59.5,54,80.6,37.1,23.7,17.3,154.7,NORMAL
Muj,83.9,66.7,87.5,44.2,25.4,17.1,168.4,OBESO
Muj,71.8,63.1,79.5,40.4,24.5,17.6,163.5,NORMAL
Muj,76.1,67.1,79.6,45.6,24.8,17.3,162.2,OBESO
Muj,55.3,57.4,71.8,38.6,23.8,16.6,158.5,NORMAL
Muj,67.7,59.6,84,42.5,23.6,17.5,155.6,OBESO
Muj,61.1,59.2,82.4,38,22.5,16,150.6,NORMAL
Muj,82,66,94.5,45.8,24.3,17.3,161.7,OBESO
Muj,61.1,55.1,78.5,37.7,23.5,17.5,163.7,NORMAL
Muj,55.3,55.5,76,39.4,22,15.6,151.4,NORMAL
Muj,57.2,53.4,83.9,36,21.5,15.7,148.3,NORMAL
Muj,62.9,61.2,81.3,42.1,25.2,17.7,159.2,NORMAL
Muj,65.4,55.9,90.3,39.2,22.1,15.9,153.9,NORMAL
Muj,60.3,56.2,69.9,37.4,23.8,17.8,167.5,NORMAL
Muj,85.7,66.5,104.5,41.6,23.9,17,159.3,OBESO
Muj,50.7,53.5,73.8,37.5,23.2,16.7,153.6,NORMAL
Muj,58.3,51,78.3,33.5,25.1,17.7,163.3,NORMAL
Muj,59.2,61,77.2,41.2,23.6,17.2,153.5,NORMAL
Muj,54.3,55,70.3,37.5,23.8,17.3,156.5,NORMAL
Muj,68.9,62,82.4,40.9,24.8,17,163.7,NORMAL
Muj,56.4,53.9,72.4,37.6,22.6,16.9,162.3,NORMAL
Muj,54.6,51,65.5,37.4,25.9,18.4,166.4,DELGADO
Muj,63.7,52.3,82.4,37.3,24.8,17.9,163.9,NORMAL
Muj,56.3,52.2,77.6,37.6,23.5,16.2,158.1,NORMAL
Muj,62.4,58.7,71.3,39.7,24,17.8,161.9,NORMAL
Muj,90.8,69,88.5,45.3,25.8,19,173.6,OBESO
Muj,78.2,64.6,80,43.5,25.5,19,170.5,NORMAL
Muj,59.7,59.6,74.3,36.5,24,17.9,153,NORMAL
Muj,58.4,58.7,74.1,35.8,23.2,17.1,158.6,NORMAL
Muj,61.4,54,79.8,35.9,24,17.6,159.2,NORMAL
Muj,57.5,56.4,74.4,35.5,22.6,17.1,153.6,NORMAL
Muj,57.4,51.8,75.2,35.4,22.8,16.5,158.3,NORMAL
Muj,70.7,56,91,37.5,23.7,17.1,162.8,NORMAL
Muj,89.7,67.6,96.6,43.4,24.2,18.7,167.3,OBESO
Muj,59.9,55.7,79.1,39.2,22.6,16.4,151.4,NORMAL
Muj,49.7,49.1,61.7,32.6,20.9,15.2,150.6,NORMAL
Muj,84.9,65,85.8,42.1,26.2,19.4,177.4,NORMAL
Muj,71.4,65.1,83,39,22.5,17,153.4,OBESO
Muj,66.6,62.5,72.7,39.1,23.3,18.3,163.2,NORMAL
Muj,81.4,67,87.1,40.5,24.1,17.8,159.4,OBESO
Muj,68,64.1,77.4,,21,16.4,150.9,OBESO
Muj,62.5,57.9,76,36.8,22.5,17.1,152.5,NORMAL
Muj,57.6,55.4,72.5,37.1,23.2,16.2,155.7,NORMAL
Muj,50.3,50.8,72.1,34.3,22.4,17.1,155.8,NORMAL
Muj,57,55.7,75.6,37.7,22.7,17.3,154,NORMAL
Muj,51.9,51.3,70,34.4,24.1,17.3,157.5,NORMAL
Muj,51,51.9,78.1,33,21.3,16,149.1,NORMAL
Muj,63.7,61.9,74.3,38.3,23.4,17.7,158.9,NORMAL
Muj,48.3,47.1,64.1,32.1,24.1,17.1,165.2,DELGADO
Muj,61.5,58.7,85.1,38.1,21.9,16.8,153.4,NORMAL
Muj,71.5,59.6,94.5,40.1,23.1,16.9,155.1,OBESO
Muj,76,61.2,83,40.1,25,18.3,170.2,NORMAL
Muj,61.3,58.5,68.5,37.5,22.9,16.9,159.6,NORMAL
Muj,83,65.7,92.7,42.3,24.1,18.1,166.3,OBESO
Muj,61.1,56.1,74.5,34.2,22.9,17.6,157.4,NORMAL
Muj,56.7,52.5,76.5,35.1,22.8,16.9,159.8,NORMAL
Muj,61.6,54.1,85.1,35.3,23.3,17.2,155.6,NORMAL
Muj,61.9,60.1,81.6,37.2,23.7,16.2,151.8,NORMAL
Muj,68.6,62.5,70.6,41.1,24.4,17.8,163.2,NORMAL
Muj,49,52.8,68.6,35.2,21.2,15.8,143.1,NORMAL
Muj,53.1,56.5,66.3,33.8,22.4,16.5,151.5,NORMAL
Muj,82.7,61.1,95.1,38.3,24.9,17,162.4,OBESO
Muj,95.4,68.9,106.7,44.1,23.7,17.3,154.4,OBESO
Muj,64.3,60.8,74.7,38.9,23.8,17.5,156.9,NORMAL
Muj,65.8,52.8,80.7,37,23.9,18,160.8,NORMAL
Muj,68.5,64.3,90.3,41.3,22.6,16.7,150.1,OBESO
Muj,57.7,53,77.8,35.8,22.2,15.6,150.1,NORMAL
Muj,65.8,57.2,81,36.6,24.3,17.5,164.4,NORMAL
Muj,62.6,59.2,75.6,37,23.9,16.8,158.7,NORMAL
Muj,66.2,57,92,36.8,22.2,16.4,149.9,OBESO
Muj,46.2,47.8,64,31.6,23.3,17,153.4,DELGADO
Muj,60.8,54.4,75.5,34.7,24.2,17.4,156.9,NORMAL
Muj,68.2,57.9,83.3,35.8,22.9,17.5,153,OBESO
Muj,54,49.2,70,33.4,25.2,18,166.9,DELGADO
Muj,64.5,56.2,80,35.2,23.3,17.2,162.7,NORMAL
Muj,71.8,63.5,91.3,40.2,23,17.1,154.3,OBESO
Muj,76.4,68.3,86.3,40.6,23.9,17.4,159.4,OBESO
Muj,65.6,54.1,93.6,38.8,,14.9,151,OBESO
Muj,43,53,64.4,,22,15.3,149.1,DELGADO
Muj,82.6,69.8,89.2,42.4,23.3,17,158.6,OBESO
Muj,43.4,47,61,32.2,23.6,17.1,155.1,DELGADO
Muj,49.8,51.3,72.3,32.1,21.5,15.1,149,NORMAL
Muj,58.7,55.8,75.5,36.3,24,17.1,154.5,NORMAL
Muj,87.8,63.9,96,40.4,25.8,18.4,171.4,OBESO
Muj,70.5,62.1,80,41.8,24.5,17.9,164.6,NORMAL
Muj,75.9,64.4,86.6,38.1,22.8,16.1,156,OBESO
Muj,101.8,75,97.4,47,25.8,19.1,166.2,OBESO
Muj,76.8,60,92.6,35.7,23.4,,157.4,OBESO
Muj,81.8,64,97.1,38.2,24.3,18,154.7,OBESO
Muj,58.3,57.7,74.3,35.5,22.1,16,148.6,NORMAL
Muj,67.5,59.7,82.1,36.8,24.5,18.5,158.6,NORMAL
Muj,57.3,54.9,76.5,35.3,22.8,16.1,150.4,NORMAL
Muj,42.7,48.5,62.1,34.5,20.6,14.6,145.5,NORMAL
Muj,49.4,49.9,67.3,35.5,22.2,15.8,150.7,NORMAL
Muj,53.4,53.4,67.7,35.9,24.7,17.1,,DELGADO
Muj,51.6,55.8,63,38.3,22.2,16.4,150,NORMAL
Muj,48.4,52,67.9,35.2,22,16,146.4,NORMAL
Muj,54.5,51.6,67.1,34.5,24.2,17.4,166.1,DELGADO
Muj,59.3,54.7,65.7,38.1,23.5,16.2,163.7,NORMAL
Muj,61.8,61.6,74.3,40.8,22,16.1,152.1,NORMAL
Muj,63.8,63.2,77.1,38.6,24.1,17.3,157.3,NORMAL
Muj,45.2,45.5,64,31.6,22.5,16.6,158,DELGADO
Muj,47.9,51.5,69,33.9,20.5,15.2,145.9,NORMAL
Muj,70.4,60.4,80,38.4,23.5,18.3,159.7,NORMAL
Muj,66,60.5,82.3,40.8,22.9,16.4,154.3,NORMAL
Muj,59.2,54.9,73.5,37.1,24.1,17.3,161.4,NORMAL
Muj,48.8,51.1,69.4,35.6,22,16.4,151.1,NORMAL
Muj,61.2,56.5,83.2,36.6,21.9,16,151,NORMAL
Muj,72,60,89.9,42.1,22.4,16,157,OBESO
Muj,52.3,49.7,66.2,33.7,22.3,15.9,156.6,NORMAL
Muj,44.2,46.4,60.1,33,22.1,15.9,149.7,DELGADO
Muj,45,49.2,60.5,35,22.2,16,155.4,DELGADO
Muj,60,59.8,72.4,41.4,24.3,17,158.1,NORMAL
Muj,55.2,52,77.2,33.6,21.4,15.7,150.1,NORMAL
Muj,60.3,51.8,78,34.4,22.9,16.2,155,NORMAL
Muj,48.9,52,72.1,33.1,22.9,16.4,151.8,NORMAL
Muj,66.6,61.3,81.4,40.4,24.1,17.5,152.3,OBESO
Muj,51.9,48.3,67.1,35.3,22.1,16.2,159.7,NORMAL
Muj,46.9,48.2,65,31.1,22.3,16.3,158.1,DELGADO
Muj,45.2,47.4,60.8,34.6,21.7,15.5,151.8,DELGADO
Muj,53.3,55.7,64.4,37.8,24.2,17.2,159.8,NORMAL
Muj,53.9,57.1,67.7,35.5,23.8,16.8,156.6,NORMAL
Muj,59.7,57.3,73.7,39.4,24.9,17.9,159.7,NORMAL
Muj,62.6,56.6,74.7,36.5,23.3,16.9,164.4,NORMAL
Muj,55.7,59,75.3,36.4,22.7,17,153.2,NORMAL
Muj,53.8,57.5,71.2,34.2,22.5,16.7,157.4,NORMAL
Muj,73.4,57.2,97.4,36.2,22.5,15.8,154.5,OBESO
Muj,,57.2,71,36.1,24.6,17.7,156.5,NORMAL
Muj,57.6,56.5,72.3,37.1,22.3,15.9,157.7,NORMAL
Muj,59.9,54.3,69.5,34.6,24.5,17.4,168.5,NORMAL
Muj,65.8,58.7,82.4,35.1,23,17,157.6,NORMAL
Muj,77.7,62.5,91.7,38.5,23.2,16.5,154.7,OBESO
Muj,59.6,53.8,68.3,34.5,,18.1,161.8,NORMAL
Muj,50.8,55.8,60.4,33.1,21.6,15.4,148.2,NORMAL
Muj,56.4,55.3,74.5,34.5,21.9,16,155.3,NORMAL
Muj,57.1,53.1,74.8,35.4,24.6,17.5,167,NORMAL
Muj,51,53.3,,32.1,22.1,16.8,156.4,NORMAL
Muj,62.6,60,75.9,37,23.4,16.6,159,NORMAL
Muj,71.3,65.9,77.6,38.8,24,16.6,165.3,NORMAL
Muj,56.8,54.1,69.6,36,23.5,18.3,166.2,NORMAL
Muj,64.6,,77.5,38.4,23.5,17.2,158.6,NORMAL
Muj,69.1,65.3,86.5,40.5,22.5,16.5,150.5,OBESO
Muj,55.1,56.2,71.5,37.2,21.6,15.8,151.5,NORMAL
Muj,69.3,63.2,86.3,39.7,22.9,16.5,157.1,OBESO
Muj,55.5,54.5,67.2,34.3,24.2,17.2,162.1,NORMAL
Muj,67.7,59.7,82.5,39.2,25.4,,162.7,NORMAL
Muj,61.1,55.8,77.2,33.8,22.2,16.3,155.6,NORMAL
Muj,60.5,57.1,79.5,34.2,23.7,17.7,156.9,NORMAL
Muj,62.2,58.7,72.7,37.4,23.9,17.2,156.2,NORMAL
Muj,61.2,57.2,73.5,35.5,24,16.6,164.3,NORMAL
Muj,51.5,53.5,64.4,35,22.6,17.4,157.6,NORMAL
Muj,58,54.9,74.6,39.1,23,16.6,162.1,NORMAL
Muj,57.3,56.9,82.6,34.7,22.6,16.6,157.5,NORMAL
Muj,52.3,53.1,79.7,34.2,21,16.1,144.7,NORMAL
Muj,56.9,55.5,72.1,37.3,23.3,17.6,162.9,NORMAL
Muj,71.7,59.8,95.6,35,23.4,17.8,155.2,OBESO
Muj,49.6,51.4,63.9,38.3,22.7,17.4,158.7,DELGADO
Muj,66.2,54.9,89.6,35.9,23,16.5,,NORMAL
Muj,44.5,49.7,74,29.5,20.6,15.5,147.6,NORMAL
Muj,71,60.9,95.8,35.2,23.5,16.6,150.1,OBESO
Muj,56.7,53.5,74.3,33.5,23.1,17.5,159,NORMAL
Muj,53.8,52.7,72.6,31,23.9,16.1,161.2,NORMAL
Muj,62.3,57.5,73.6,38.4,23.9,17.1,163.4,NORMAL
Muj,59.1,59.3,82.5,37.6,21.2,15.8,145.3,OBESO
Muj,45.9,45.3,65.4,30.7,21.5,16.5,154.5,DELGADO
Muj,65.8,60,78.4,36.8,22.8,17.4,156.8,NORMAL
Muj,62.1,59.4,82.3,38,21.6,17.4,151.7,NORMAL
Muj,53.2,52,70,35.5,24.6,17.5,157.6,NORMAL
Muj,77.1,65.5,87.5,41.2,21.5,17.4,158.1,OBESO
Muj,63.4,57,78.2,37.4,22.7,16.6,160.2,NORMAL
Muj,64.3,62.4,87.6,36.3,22.3,15.7,148,OBESO
Muj,60.4,50.6,83.5,33.5,22.9,16.3,153.4,NORMAL
Muj,70.2,58.1,83.6,35.5,23.5,17.2,157.1,OBESO
Muj,58.3,56.9,77.8,35.7,24,17.9,158.5,NORMAL
Muj,54.1,56.3,74.3,34.3,21.5,16.3,150.8,NORMAL
Muj,54.5,51.8,70.5,32.8,22.1,16.6,152.4,NORMAL
Muj,66.8,59,85.2,37.7,21.8,15.5,150.4,OBESO
Muj,61.2,51.6,80.8,34.7,24.3,17.6,155.3,NORMAL
Muj,62.1,53.4,84,35.5,22.9,16,154.7,NORMAL
Muj,60.7,53.2,73.6,36.9,23.5,16.5,157.9,NORMAL
Muj,65.3,57.1,82.4,37.3,23.7,18.1,154.6,NORMAL
Muj,51.5,50.7,74.2,32.8,22,15.6,149.3,NORMAL
Muj,66.4,53.3,83,35.6,24.1,17.4,157.5,NORMAL
Muj,68.3,66.5,77.4,39.9,21.9,15.7,147.6,OBESO
Muj,47.8,53.4,66,36.7,21.2,14.6,149,NORMAL
Muj,66.4,58.3,81.8,38,22.2,16.1,148.9,OBESO
Muj,49.4,50.2,63.4,34.6,22.2,16.3,150.3,NORMAL
Muj,74.6,66.1,82.7,39.4,23.6,17.2,158.4,OBESO
Muj,64.7,64.9,83.2,39.6,21.5,15.3,146.7,OBESO
Muj,59.7,51.6,93.3,32.4,21.4,15.5,143.4,OBESO
Muj,59.2,54.5,73.1,35.4,24.3,17.5,167.4,NORMAL
Muj,50.5,,67.1,34.4,23.4,16.7,165.4,DELGADO
Muj,66.9,57.8,90.6,38.2,20.8,15.3,141.8,OBESO
Muj,69.4,60.5,83.1,40,23.5,17.3,159.6,NORMAL
Muj,62.2,61.2,76.2,41.1,22.5,16,153.5,NORMAL
Muj,56.3,53.6,71.1,35.9,23.5,17.5,154.3,NORMAL
Muj,68.3,56.4,76.6,39.4,23.6,16,162.7,NORMAL
Muj,52.9,51.4,72.1,35,23.4,16.5,159.1,NORMAL
Muj,49.2,53.1,66.2,34.1,21.5,15.8,148.6,NORMAL
Muj,66.3,54.8,82.8,37.5,22.8,16.7,160.4,NORMAL
Muj,73.5,60,82,39.5,25.2,18.3,163.8,NORMAL
Muj,50.4,51.3,67.4,35.8,24,17.4,161.4,DELGADO
Muj,,59.7,70.1,38.3,24.2,17.1,168.8,NORMAL
Muj,66,60.1,87,39.6,22.4,16.3,150.1,OBESO
Muj,65.2,51.6,90,34.2,22.4,16.2,153.2,NORMAL
Muj,53.9,53.2,67,36.6,24.2,17.4,159.7,NORMAL
Muj,59.1,54.5,80.3,36.3,23.3,17.3,151.2,NORMAL
Muj,,59.6,83,38.7,22.6,15.7,152.4,OBESO
Muj,67.2,61.6,85.3,37.6,21.9,16.8,154.7,OBESO
Muj,53.6,54.4,68.2,35.2,21.3,14.6,149.8,NORMAL
Muj,54.3,52.5,75.5,34.6,21.5,15.8,147.3,NORMAL
Muj,64,58,87.2,34.7,22,17.1,152.3,NORMAL
Muj,52.5,52.6,71.2,33.5,21.7,15.9,151,NORMAL
Muj,64.5,58.7,85.4,35.8,23.5,17.3,157.7,NORMAL
Muj,54.4,53.3,71.1,35.6,22,15.8,156.2,NORMAL
Muj,72.1,65.3,86.2,41.8,24.3,16.8,156.3,OBESO
Muj,54,51.1,67.4,34,24.6,17.7,165.2,DELGADO
Muj,65.3,60,77.3,36.2,24.1,17.5,161.3,NORMAL
Muj,63.8,57.4,81.5,42.8,23.9,16.9,161,NORMAL
Muj,58.9,57.6,77.9,38,23.5,16.5,159,NORMAL
Muj,49.9,49.4,68.8,33.5,22.8,16.1,149.4,NORMAL
Muj,66,57.4,79.7,38.5,23.6,16.2,156.1,NORMAL
Muj,45.4,46.9,63.2,33.4,22.2,15.9,149.7,NORMAL
Muj,61.6,53.3,81.6,38.1,22.2,16.2,153.2,NORMAL
Muj,58.7,55.2,77.9,37.8,21.7,16.1,156.6,NORMAL
Muj,73.2,61.8,89.6,39.1,23,16.3,151,OBESO
Muj,63.4,58.4,82.6,39.9,22.3,16.8,148.3,OBESO
Muj,55.5,58.9,73.6,42.2,21.8,16.5,156.4,NORMAL
Muj,70.6,62.1,78.1,44.2,22.7,16.8,154.3,OBESO
Muj,60.1,59.1,79.8,41.4,21.7,15.3,151.4,NORMAL
Muj,59.9,57.8,80.8,42.3,23.4,16.8,146.5,NORMAL
Muj,63.2,60.7,82.8,39.8,23.4,17.1,154.2,NORMAL
Muj,56,,74.4,39.4,23.3,16,155.7,NORMAL
Muj,62.2,58.1,77.2,38.7,24.2,18.1,159.9,NORMAL
Muj,48.5,51.8,61,36.8,22.4,16.2,156.7,DELGADO
Muj,53,53.4,67.1,38.1,22,15.3,153.6,NORMAL
Muj,62.3,54.1,83.6,36.5,22.2,16.2,152.5,NORMAL
Muj,60.4,56.5,79.3,41.3,22.7,15.9,152.4,NORMAL
Muj,64.9,58.8,80.6,39.4,22.8,16.5,156,NORMAL
Muj,71.6,59,96.5,41.7,22.8,16.5,150.3,OBESO
Muj,72.7,60.6,87.8,41.4,23.3,16.3,156.5,OBESO
Muj,57.8,54.4,72.7,38.9,23.4,16.9,157.5,NORMAL
Muj,53.6,54,,39.1,22.9,16.3,155.3,NORMAL
Muj,46.2,49.3,62.9,34.2,22,16,154.2,DELGADO
Muj,62.8,54.3,80.4,37.5,23.5,16.5,156.6,NORMAL
Muj,74.4,63.2,91.3,41.4,24.7,18.1,160.5,OBESO
Muj,55.5,53.3,79,36.4,22.1,15.8,150.2,NORMAL
Muj,56.9,54.2,74.9,40.7,21.4,14.9,152.1,NORMAL
Muj,57.2,55.4,71.3,35.7,24.2,17.2,156.3,NORMAL
Muj,53.1,55.1,69,37.7,22,16.1,151.7,NORMAL
Muj,69.1,61.4,77.3,42.5,24.1,16.9,159.8,NORMAL
Muj,50,54.1,63.6,36.2,22.4,16.1,154.7,NORMAL
Muj,69.4,58.3,80.8,38.9,25.2,17.9,167.2,NORMAL
Muj,60.9,57,66.7,38.3,23.9,18,166.6,NORMAL
Muj,80.3,63.3,96.1,42.5,24,17.8,153.8,OBESO
Muj,53,51.2,68.7,,21.6,16.1,157.3,NORMAL
Muj,60.7,58.6,77.9,40.8,22.7,16.5,160.1,NORMAL
Muj,50.4,52,69.5,36.1,22.1,15.5,152.6,NORMAL
Muj,47.5,52,65,36.4,21.5,16,151.2,NORMAL
Muj,50.9,53,71.6,38,22.4,17.4,151.5,NORMAL
Muj,45.9,50.3,64.2,36.3,22.1,15.7,154.3,DELGADO
Muj,77.4,67.3,94.6,45.6,23.4,17.3,156.4,OBESO
Muj,64,61.2,83.6,42.1,22.5,16.3,154.7,NORMAL
Muj,60.7,59.3,81.2,42.6,22.2,16.2,150.5,NORMAL
Muj,60.9,57.7,75.6,36.2,22.3,16.2,152.2,NORMAL
Muj,55.8,58.3,67.3,38.9,24,16.8,161.2,NORMAL
Muj,56.2,57.8,67.6,39.3,23.4,17,155.3,NORMAL
Muj,61.7,60.3,79.3,40.9,23.4,16.5,153,NORMAL
Muj,52.9,57.4,68.8,39.4,22.1,16.3,148.6,NORMAL
Muj,62.4,55.1,70,41.4,25.7,18.4,175.3,NORMAL
Muj,55,56.6,66.6,42,24.5,17,154.7,NORMAL
Muj,65.6,63.2,74.4,41.5,24.4,17.8,164.3,NORMAL
Muj,58.1,55.6,78.7,36.5,23.2,16.4,154.7,NORMAL
Muj,53.7,53.5,69.2,38.2,,17,153.4,NORMAL
Muj,43.1,47.8,64.2,33.1,22.2,16.7,150.8,DELGADO
Muj,47.1,50.5,58.3,34.8,23.6,,157.6,DELGADO
Muj,53.6,59,64.5,40.7,22.2,15.9,155.5,NORMAL
Muj,57.6,57.8,69.4,40,24.4,17.6,163.3,NORMAL
Muj,61.6,58.6,80.2,39.6,22.5,15.8,152.5,NORMAL
Muj,59.1,57.3,79.4,37.8,22.1,15.9,151.6,NORMAL
Muj,50.8,53.4,67.2,37.2,22.8,16.7,157.6,NORMAL
Muj,64.8,61.4,71.1,39.3,25,17.2,161.9,NORMAL
Muj,53.7,54.5,71.7,39.3,22.8,15.6,153.8,NORMAL
Muj,51.9,54.6,65.2,37.1,24.2,18,155.1,NORMAL
Muj,47.2,50,63,35.5,22.7,16.7,158.4,DELGADO
Muj,81.5,60,104.1,38.8,23.5,17.4,156.5,OBESO
Muj,51.1,57.2,73,37.4,21.4,15.2,140.6,NORMAL
Muj,59.7,57.3,70.5,40.3,24.6,17.1,162.8,NORMAL
Muj,71.5,62.6,87.7,43.4,23.2,16.3,146.5,OBESO
Muj,50.1,49.7,75,35,23,16.4,150.6,NORMAL
Muj,65.1,57.7,89.8,40.8,22.3,16.1,144.4,OBESO
Muj,62.6,55.4,91.8,36.8,22.2,15.6,146.4,OBESO
Muj,73.7,62.4,89.5,40.3,24.3,17.1,154.5,OBESO
Muj,60.1,62,78.4,38.8,21.8,15.2,143.6,OBESO
Muj,73.4,59,83.5,41.7,24.9,18,170.5,NORMAL
Muj,51.8,52.3,73,36.2,21.1,15.7,146.5,NORMAL
Muj,59.3,55.7,73.8,42.2,23.6,,155.6,NORMAL
Muj,42.8,44.5,62,31.8,21.9,15.9,147.7,DELGADO
Muj,54.9,52.1,66.9,37.4,22.6,16.7,157.3,NORMAL
Muj,69.5,56.7,73,39.7,23.5,17.2,162.3,NORMAL
Muj,53.2,54.4,70.7,38.8,22.3,16.5,154.4,NORMAL
Muj,50.9,47.7,66.7,35.4,22.3,15.9,157.8,NORMAL
Muj,56.8,52.7,73.3,36.5,22,15.6,153.3,NORMAL
Muj,49,50.6,65,35.4,21,15.9,155.8,NORMAL
Muj,56,54.5,69.7,38.3,23.3,16.6,153.2,NORMAL
Muj,52.2,52.6,66.2,36.1,22.5,15.6,156,NORMAL
Muj,53.2,53.8,72,38.4,22,16.2,152,NORMAL
Muj,56,59.1,68.1,37.5,22.3,16.6,157.6,NORMAL
Muj,51.5,49.5,70.9,35.8,22.4,16.1,152.6,NORMAL
Muj,61.3,58.2,73.9,38.8,22.1,15.6,153.2,NORMAL
Muj,56.8,51.4,65.3,37.7,24.4,17.2,170.7,DELGADO
Muj,74.1,59.3,85.2,38.6,23.5,17.4,161.2,OBESO
Muj,63,53.1,88.3,36.5,23.2,16.5,149.8,OBESO
Muj,60.6,52.4,76.4,35.8,22.9,17.1,163.6,NORMAL
Muj,68,62.4,75.2,40,24.1,17.1,162.4,NORMAL
Muj,85,60.8,105.5,40.9,23.5,16.7,150.5,OBESO
Muj,64,52.2,81.6,35.2,22.7,16.2,149.6,OBESO
Muj,61.5,57.8,73.3,36.5,23.4,17.3,,NORMAL
Muj,59,55.6,74.9,38.2,22.3,16.1,150.2,NORMAL
Muj,64,59.9,84.1,43.5,23.5,17.3,161.2,NORMAL
Muj,68,57.9,87.5,38,22.4,16.5,155.7,OBESO
Muj,53.5,50.3,71.9,34.6,22,17,152,NORMAL
Muj,56,56.6,70,36.2,22.8,16.3,148,NORMAL
Muj,54,49.3,73.9,34.1,22,16.3,152.4,NORMAL
Muj,50,51.5,69.6,35.2,22.8,16.2,154.1,NORMAL
Muj,65,60.2,74.5,39.8,23.2,17.6,162.1,NORMAL
Muj,62,54.1,77.6,43.1,23.1,17,154.7,NORMAL
Muj,55,55.1,75.4,37.7,22.6,16.7,151,NORMAL
Muj,60,56.1,78.9,38.5,21.8,16.3,152.1,NORMAL
Muj,57.2,51.9,74.9,35.8,21.8,15.8,153.3,NORMAL
Muj,57.4,51.9,74.4,36,22.9,17.4,164.3,NORMAL
Muj,52.9,51.5,68.8,34.8,22,16.7,153,NORMAL
Muj,68.9,63.4,79.5,38.7,22.9,16.7,157.6,NORMAL
Muj,61.5,53.3,79.6,33.7,22.6,16.3,153.5,NORMAL
Muj,67.6,58.9,79.6,39.5,23.7,16.8,156.6,NORMAL
Muj,56,51.1,73.7,36.6,22.4,16.2,153.4,NORMAL
Muj,60.2,56.3,76.6,35.2,22.1,16.1,152.5,NORMAL
Muj,57.3,52.9,73.9,35.1,22.9,16.1,158.7,NORMAL
Muj,46.9,47,72.6,33.2,22,16.2,156.4,DELGADO
Muj,60.3,54.5,74.3,38.1,23.6,17.1,157.8,NORMAL
Muj,48,48.4,70.1,32.6,22.1,15.9,149.3,NORMAL
Muj,55.1,52.3,74.1,36.5,23.1,17.1,155.6,NORMAL
Muj,53,51.4,72.7,34.5,22.4,17.3,153.5,NORMAL
Muj,47.1,46.4,66.1,32.4,22.9,16.6,156.9,DELGADO
Muj,56.7,53.1,84.6,34.6,21.8,15.6,147.8,NORMAL
Muj,53.9,47.6,79,34,22.8,16.4,153.7,NORMAL
Muj,58.7,57.4,68.8,38.2,24.5,17,156.2,NORMAL
Muj,54.5,49.4,76,33.3,24.4,17.4,155.2,NORMAL
Muj,54.8,51.8,71.5,36.1,21.9,16.1,151.1,NORMAL
Muj,58.6,56.7,75.4,36.9,21.4,16,145.7,NORMAL
Muj,49.1,49.3,68.4,34.1,21.9,16,153.4,NORMAL
Muj,48,50.1,69.6,33.5,21.5,16.2,147.5,NORMAL
Muj,58.9,56.1,70.9,39.3,24.5,17.4,166.3,NORMAL
Muj,44.9,52.6,62.5,38.5,22.3,16.6,147.3,NORMAL
Muj,55.7,55.8,73.1,39.2,22.7,16.6,149,NORMAL
Muj,58.5,57.4,77.6,42.3,22.5,16.4,152.4,NORMAL
Muj,69.9,60,88.4,39.6,25.2,18.5,164.9,NORMAL
Muj,57.3,55.4,73.4,38.7,22.4,16.6,151.3,NORMAL
Muj,52.7,55.6,67.2,38.2,23.4,16.6,154.2,NORMAL
Muj,46.9,50.5,60.3,36.9,22.7,17.2,156.2,DELGADO
Muj,65.3,61.8,72,42.9,24.5,17.5,162.1,NORMAL
Muj,46.9,52.1,71.2,35.2,21,15.3,145.7,NORMAL
Muj,67.8,63.6,77.4,42.5,21.7,16.7,149,OBESO
Muj,61.9,57.7,81.2,39.4,23.1,16.6,157.2,NORMAL
Muj,60.5,57.6,72.2,38.7,23.7,17.2,160.6,NORMAL
Muj,53.2,51.3,68.5,37.8,22.6,17.1,157.5,NORMAL
Muj,54.8,56,68,36.9,22,15.7,158.6,NORMAL
Muj,57.5,56.4,70.6,38.7,23,17,160.4,NORMAL
Muj,47.9,52.1,61.4,35.5,21.6,16.5,154.3,NORMAL
Muj,89.6,63.2,105,39.6,24.4,18.4,163.4,OBESO
Muj,75,63,83.6,42.5,24.4,17.6,158,OBESO
Muj,76.2,65.1,85.2,42.3,23.1,16.5,158.3,OBESO
Muj,59.9,58.9,73.9,40.6,23.1,16.4,156.3,NORMAL
Muj,48.4,48.2,67.7,35.1,21.2,16.7,155,NORMAL
Muj,59.4,57.5,73.9,37.5,21.4,16.7,147.8,NORMAL
Muj,67.7,56.7,82.9,39.7,22.4,16.5,156.6,NORMAL
Muj,64.5,58.5,80.7,40,23.5,16.8,156.6,NORMAL
Muj,60.3,57,74,36.6,22.8,17.3,164.4,NORMAL
Muj,50.2,53.5,66,39.3,22.2,16.1,156.9,NORMAL
Muj,77.3,60.5,96.4,39.9,24,17.6,156.7,OBESO
Muj,63.1,59.5,76.5,39.9,22.4,16.6,159.8,NORMAL
Muj,56.5,55.3,67.7,37.7,24.6,17.4,161.1,NORMAL
Muj,48.6,48.5,62.7,33.8,22.6,16.5,159.6,DELGADO
Muj,60.3,56.4,73.4,40.4,23.8,17.5,159.2,NORMAL
Muj,52.2,55.3,75.1,38.7,22.3,16.3,151.3,NORMAL
Muj,61.6,56.7,75.4,39.4,23.7,16.7,162.4,NORMAL
Muj,55.1,55.3,70,36.8,24,16.6,161.2,NORMAL
Muj,47.4,49.9,63.1,36.2,24.5,18,165.3,DELGADO
Muj,77,67,89.1,43.5,22.8,16.8,150.6,OBESO
Muj,45.2,48,69,31.7,21.7,16.5,154.2,DELGADO
Muj,61.1,58.5,75.3,38.9,22.5,16.8,162.1,NORMAL
Muj,57.6,55.5,79.8,34.8,21.8,16,148.9,NORMAL
Muj,63.6,59.6,77.3,41,22.5,17.4,152.7,NORMAL
Muj,51.4,53.3,72.8,35.4,21.7,16.4,147.3,NORMAL
Muj,53.9,53.8,61.6,34.7,23.1,17.7,160.9,NORMAL
Muj,48.2,51.4,73.1,34.2,22.1,15.6,146.4,NORMAL
Muj,51.5,51.1,63.1,37.4,24.9,17.4,169.2,DELGADO
Muj,51.1,53.8,67.3,35.1,22.5,17,155.1,NORMAL
Muj,71.2,63.4,74.2,38.3,24.6,17,164.3,NORMAL
Muj,60.4,59.3,75.8,40.8,23.9,17.2,158.4,NORMAL
Muj,61.6,60.5,78.6,41.1,22,15.7,150.4,NORMAL
Muj,75.8,66.7,88.1,44.3,23.2,17.5,157.4,OBESO
Muj,42.6,47.3,64.2,33.7,22.9,16.1,150.3,DELGADO
Muj,55.8,50.1,76.9,39.5,24.7,17,154.5,NORMAL
Muj,62.3,58.1,76.3,37,23.6,16.4,154.2,NORMAL
Muj,59.8,55.2,70.1,35.7,24.3,17.5,160.5,NORMAL
Muj,80.3,63.8,,42.4,23.6,16.4,153.2,OBESO
Muj,54.3,51,71,37.7,21.5,16.3,149.5,NORMAL
Muj,52.9,49,74.5,34.6,21,15.8,145.6,NORMAL
Muj,74.8,61,87,39.1,22.6,16.1,150.6,OBESO
Muj,63,51.1,80,36.2,25.4,17.5,166.7,NORMAL
Muj,63.9,59,75.4,39.6,23.1,16.4,157.4,NORMAL
Muj,59.1,,73.3,36,22.6,16.9,161.7,NORMAL
Muj,54.4,55.2,76,35.2,21.1,15.6,151.6,NORMAL
Muj,54.5,52.2,80,34.6,22,16.3,148.6,NORMAL
Muj,65.1,53.4,82,34.8,23.2,16.9,155.9,NORMAL
Muj,57.4,53.9,71,37.1,22.3,16.1,152.4,NORMAL
Muj,50.9,55,71.4,35.9,21.6,15.8,143.6,NORMAL
Muj,62.4,56.7,84.9,36,23.4,16.5,150.4,NORMAL
Muj,50.1,46.9,73,31.7,23.1,16.2,152.3,NORMAL
Muj,56.5,53.3,79.8,36.3,21.5,15.5,143.6,NORMAL
Muj,54.9,51.3,77.2,36.8,22.9,16.9,147.9,NORMAL
Muj,74.9,66.1,87.7,42.3,23.4,17.1,152.5,OBESO
Muj,54.7,53.3,76.3,33.3,21.8,16.1,152.8,NORMAL
Muj,64.2,58.4,79.9,36.7,22.8,16.6,157.1,NORMAL
Muj,68.9,55.6,95.5,38,23.8,17,153.9,OBESO
Muj,54.9,54.2,76.8,34.7,22.3,16.9,151.6,NORMAL
Muj,51.8,53.2,69.9,35.5,22.7,16.7,154.8,NORMAL
Muj,55.6,57.3,74.1,35.9,21.6,15.5,150,NORMAL
Muj,54.4,49.1,72.6,33.6,23,17.1,158.6,NORMAL
Muj,46.8,50.4,70.2,33.9,21.3,16,147.2,NORMAL
Muj,,57,74.8,35.5,22,15.8,150.6,NORMAL
Muj,63.1,58.2,72.7,35.6,23.7,17.8,168.9,NORMAL
Muj,67.8,65.7,80.2,39.2,22.6,17.3,160.7,NORMAL
Muj,48.2,48.1,66.8,32,21.8,16.6,152.5,NORMAL
Muj,53.8,52.9,77.8,33.9,22.1,15.8,153.5,NORMAL
Muj,48.8,50.9,63.6,33.5,23.2,17.4,160.9,DELGADO
Muj,68.1,59.2,96.8,38.6,21.9,16.4,148,OBESO
Muj,62.2,53,81,35.2,23,15.9,155.7,NORMAL
Muj,61.8,62,,38.5,22.7,17.2,155.9,NORMAL
Muj,70.3,61.4,82.9,39.9,24.5,17.2,159.7,NORMAL
Muj,84.2,67.3,103.6,40.2,22.7,17.1,153.5,OBESO
Muj,46.6,54.3,68.2,35.4,21.4,15,146.6,NORMAL
Muj,73.5,60.3,94.3,38.5,22.1,16.5,145.7,OBESO
Muj,65,62,79.8,38.7,23.5,16.9,157.9,NORMAL
Muj,60,55.5,75.6,34.6,23.7,16.7,154.9,NORMAL
Muj,52.3,55.7,70.1,35.5,22.4,16.3,157.5,NORMAL
Muj,53.4,53.8,81.7,33.2,21.7,15.8,147.5,NORMAL
Muj,63.7,59.8,78.6,36.8,23.3,16.5,158.3,NORMAL
Muj,39.6,44.1,62.4,29,22.8,16.4,142.1,DELGADO
Muj,63.8,62.1,86.3,36.9,22,15.8,144.7,OBESO
Muj,64,59,84.2,37.5,22,16.3,148.3,OBESO
Muj,72,57.7,97.6,37.2,22.8,16.7,152,OBESO
Muj,60.9,56.1,77,38.6,22.2,16.1,154.4,NORMAL
Muj,54.5,55.3,72.8,34.3,23.1,17,150.4,NORMAL
Muj,52.6,53.7,73.8,32.7,22.5,15.5,148.8,NORMAL
Muj,52.6,52.2,67.4,33.1,22.5,16.5,159.4,NORMAL
Muj,55.6,53.4,73.6,33.9,,16.7,153.8,NORMAL
Muj,62.1,58.5,77,36.1,23,16.9,153.2,NORMAL
Muj,48.7,50.4,69,31,22.4,15.6,152.4,NORMAL
Muj,67.9,64,87.1,40,22.9,16.8,149.9,OBESO
Muj,62.4,59.3,76.7,36.9,23.4,17.2,155.7,NORMAL
Muj,56.2,54.4,76.5,34.6,23.3,16.7,150.6,NORMAL
Muj,65.3,62.8,82.6,37.2,22.5,16.3,152.8,OBESO
Muj,63.2,57.5,86.1,36.5,21,15.4,149.2,OBESO
Muj,49.2,52.6,64.4,34.9,22.3,15.2,155.4,NORMAL
Muj,51.7,58.2,71.3,36.6,20.7,15.9,147.8,NORMAL
Muj,53.7,53.1,74.7,32.7,22.5,16.6,155.1,NORMAL
Muj,67.1,60.9,78.4,38.7,23.8,17.3,160.2,NORMAL
Muj,48.4,48.2,74.4,31.5,21,15.5,147.4,NORMAL
Muj,56.2,54.3,72.7,34.6,22.9,15.9,154.7,NORMAL
Muj,51.6,56.2,75,33.7,21.8,15.8,144.1,NORMAL
Muj,58.2,54,77.4,32.6,23.2,17.2,161.7,NORMAL
Muj,59.2,54.1,78.1,34.6,23.7,17.5,161.7,NORMAL
Muj,53.4,50.9,83.2,32.6,23.1,16.1,152.5,NORMAL
Muj,53.4,49.3,69.2,31.7,24.3,16.5,157.6,NORMAL
Muj,47.6,49.4,61.5,33.5,24,16.8,164.3,DELGADO
Muj,61.5,58.1,74.7,,22.5,16.6,152.7,NORMAL
Muj,61.3,56.4,79.1,36.9,21.2,15.8,148.7,NORMAL
Muj,50.8,,67.9,33.7,23.4,17,159.7,DELGADO
Muj,47.5,50.2,64,34.6,22.2,15.7,149.1,NORMAL
Muj,61.3,56.3,77.8,37.4,22.4,16.2,150.1,NORMAL
Muj,52.7,46.9,77.4,31.5,23.5,17.5,152.7,NORMAL
Muj,42.3,47,70.1,30.7,22,15.7,143.6,NORMAL
Muj,77.6,63.2,89,38.2,24.9,17.7,161.4,OBESO
Muj,69.3,59.4,81.8,37.8,24.4,17.6,164.9,NORMAL
Muj,60.4,51.2,77.8,33.3,24.9,18.3,168.2,NORMAL
Muj,50.8,53.6,67.1,34.1,22.7,15.5,157.6,NORMAL
Muj,57.5,54.3,81.9,33.9,22.3,15.1,155.8,NORMAL
Muj,53.6,56.6,84.5,35.7,23,16,148.7,NORMAL
Muj,59.9,56.6,75,36.8,21.9,15.6,150.5,NORMAL
Muj,53.9,51.3,74.4,34.7,21.3,15.1,148.7,NORMAL
Muj,59.4,54.2,72.3,34.8,24.5,17.1,158.7,NORMAL
Muj,50.3,54,75,33.2,22.6,15.6,148.9,NORMAL
Muj,62.9,58.7,78.3,38.9,21.4,16.3,150.2,NORMAL
Muj,66.3,57.1,75.9,35.5,25.2,18.1,170.4,NORMAL
Muj,59.2,59.6,75.7,42.2,22.5,15.8,153.7,NORMAL
Muj,69.6,60.4,84.3,37.3,22.5,16.5,158.9,NORMAL
Muj,56,52,73.2,34.8,22.9,16.1,163.1,NORMAL
Muj,59.2,57.2,78.9,34.7,22.7,15.9,153.7,NORMAL
Muj,58.4,55.4,78.7,35,22,15.7,152.6,NORMAL
Muj,60.3,55.8,78,35.5,22.3,15.7,,NORMAL
Muj,46.4,53.2,62.9,34.3,23.6,17.3,157.6,DELGADO
Muj,50.7,49.4,70.2,33.7,23.8,17.1,166.1,DELGADO
Muj,47.3,49.9,63.2,32.6,22.4,16.6,153.9,NORMAL
Muj,61,55.5,78.9,36.4,23.3,16.4,162.2,NORMAL
Muj,62.1,59.5,72.4,37.9,23.7,16.5,165,NORMAL
Muj,53,55.7,78.7,35.2,22,16.1,151.8,NORMAL
Muj,50.3,48.2,66.3,33.6,23.4,16.4,163.3,DELGADO
Muj,62.6,58.4,83.9,35.9,22.2,15.9,155.1,NORMAL
Muj,57.5,55.3,74.6,35.6,23.1,16.3,154.8,NORMAL
Muj,52.8,53.8,66.8,36.2,22.8,16.6,159.5,NORMAL
Muj,70.4,61.2,82.3,39.2,24.4,17.5,163.4,NORMAL
Muj,47.5,48.6,63.1,34.7,21.5,16.5,154.6,DELGADO
Muj,55.3,52.2,73.7,33.7,25.2,17.9,163.1,NORMAL
Muj,44.2,47.5,64.1,30.7,21.6,15.7,148.3,NORMAL
Muj,50.7,52,67.7,35.7,23,16.8,155.3,NORMAL
Muj,55.4,55.7,76.2,34.6,21.1,15.2,146.9,NORMAL
Muj,70.4,59,91.4,37.6,23,16.6,159,NORMAL
Muj,68.2,55.2,88,34.9,23.9,16.7,155.4,OBESO
Muj,52.5,50.4,75.2,32.6,23.5,16.1,151.2,NORMAL
Muj,61.6,62.9,71.7,38.5,23.1,16.2,156.1,NORMAL
Muj,71.8,58.5,86.7,38.5,24.3,17.6,157.6,OBESO
Muj,61.7,58,80.2,39.2,22.7,16.8,153,NORMAL
Muj,69.3,60.2,81.2,40,22.1,16,153.2,OBESO
Muj,62.8,58.4,82,38.5,21.4,15.7,151.1,NORMAL
Muj,58.2,54.3,79.8,37.2,23.9,16,157.1,NORMAL
Muj,57.5,55.1,79.3,34.2,23,16.6,151.5,NORMAL
Muj,59.3,52.2,80.6,36.2,22.8,17.5,154.3,NORMAL
Muj,45.1,46.5,69.3,31.6,21.5,15.1,140.8,DELGADO
Muj,59.4,58.6,68.5,37.1,21.8,15.8,155.7,NORMAL
Muj,62.2,55.7,79.1,36.1,22.3,16.6,155.4,NORMAL
Muj,72.1,57.3,92.3,37.6,22.4,16.5,151.9,OBESO
Muj,55,50.5,84.2,33.3,21.8,16.4,149.4,NORMAL
Muj,53.9,53.9,73.8,33.6,21.4,14.6,140.7,NORMAL
Muj,70.9,56.6,95.6,35.6,20.9,15.3,149.5,OBESO
Muj,47.6,49.9,64.9,33.1,23.4,16.4,156.2,NORMAL
Muj,55.6,59,78.7,40.6,21.3,15.2,143.7,NORMAL
Muj,54.8,51.3,74.2,34.7,22.4,16.4,158.5,NORMAL
Muj,47.3,48.2,68.2,31.2,22.7,16.3,156.3,DELGADO
Muj,63.1,55.6,82.4,34.8,21.5,15.3,152.3,NORMAL
Muj,63,55.2,84.9,36.6,24.1,17.4,158.3,NORMAL
Muj,54.5,,79.3,33.3,22.5,16.9,151.8,NORMAL
Muj,55.8,51.3,78,34.4,21.9,15.9,148.9,NORMAL
Muj,49.4,53.3,67.6,35.7,22.6,16.7,154.4,NORMAL
Muj,51.5,47.7,71,33.8,22.1,16.2,157.7,NORMAL
Muj,55.4,54.4,74.3,34.2,24,16.2,155.2,NORMAL
Muj,63.6,62.2,80.2,38.5,22,17.1,151.1,NORMAL
Muj,45.1,49.1,61,35.3,22.2,15.7,159.7,DELGADO
Muj,57.9,49.3,78.7,34.7,24.1,16.4,159,NORMAL
Muj,46.1,49,62.5,33.5,22.5,16.1,152.6,DELGADO
Muj,59.5,56.9,73.2,38.9,23.9,17.8,162,NORMAL
Muj,56.6,58.5,67.9,38.8,23,16,156.1,NORMAL
Muj,87.2,70,99.9,43.6,21.6,14.8,144.2,OBESO
Muj,60.4,58.1,72.3,39.5,22.4,17.1,156.6,NORMAL
Muj,66,59.3,75.8,44.3,24,17.4,167.1,NORMAL
Muj,55.5,58.5,68.9,40,21.4,15.4,145.5,NORMAL
Muj,46.8,48.7,64.5,35.5,22.7,16.7,160.4,DELGADO
Muj,54.3,55.1,66.7,40.2,22.4,16.5,155.4,NORMAL
Muj,51.4,53.4,64.4,38.4,22.8,16.8,155.1,NORMAL
Muj,54.2,57.2,65.5,41.2,22.4,16,159.4,NORMAL
Muj,51.4,54.4,68.5,37.7,21.9,15.9,150.6,NORMAL
Muj,42.9,48.7,65.5,33.3,21.2,15.6,147.7,DELGADO
Muj,52.6,54.5,68.4,39.1,22.4,15.8,155.3,NORMAL
Muj,47.7,52.2,62.5,32.2,22,16,151,NORMAL
Muj,85.5,66.5,99,45.2,24.5,18.2,172.5,OBESO
Muj,65.6,57,87.2,39.1,22.4,16,147.3,OBESO
Muj,53.9,51.1,67.1,36,23.9,17.7,151.3,NORMAL
Muj,50.1,56,69.4,39,21.3,15.6,150.9,NORMAL
Muj,61.8,57.8,79.9,41.3,21.8,15.3,146.4,OBESO
Muj,67.4,58.2,91.1,44.3,23.6,16.7,152.5,OBESO
Muj,68.4,64,81,40.7,23,15.9,148.8,OBESO
Muj,62.6,57.2,72.9,39.6,23.7,17.1,159.8,NORMAL
Muj,64.4,58.7,86,40.5,23,16.8,151.3,OBESO
Muj,71.7,64,80.3,44.3,23.7,16.6,156.9,OBESO
Muj,68.8,58.1,84.5,40.4,24.2,17.5,159.6,NORMAL
Muj,68.1,57.7,87.9,39.4,23.7,17.4,158.6,NORMAL
Muj,61.2,58,74.5,39.5,23.3,16.4,155.5,NORMAL
Muj,61.2,62,72.5,42.8,22.4,15.4,150.9,NORMAL
Muj,64.5,60.9,91.5,43.5,22.8,16,152.7,NORMAL
Muj,69.4,62.7,82.5,40.9,23.5,17,153.5,OBESO
Muj,53.9,57.4,69.5,38.6,22,16,154.6,NORMAL
Muj,53.6,54.8,74,39.4,21.4,15.4,149.2,NORMAL
Muj,57.1,59.3,71.9,39.3,23,17.1,154.7,NORMAL
Muj,59.5,55,80.5,40.4,23,16.7,150.5,NORMAL
Muj,81.7,66,96.1,43,23.3,17.1,161.4,OBESO
Muj,83.6,66.5,103.4,45.6,22.9,16.9,157.2,OBESO
Muj,52.8,53.3,70.9,37.6,24,17.6,155.5,NORMAL
Muj,55.4,54.6,72.3,39.2,22.6,15.8,151.7,NORMAL
Muj,48.8,53.2,62.2,37,23.5,16.9,160.5,DELGADO
Muj,56.4,54.4,69.2,37.3,25,17.7,161.2,NORMAL
Muj,49.1,48.2,61.2,36.8,23.9,16.5,160.4,DELGADO
Muj,65,60.1,81.3,44,22.6,16.4,156.7,NORMAL
Muj,69.8,57,89.5,40.3,23.5,16.8,162.7,NORMAL
Muj,64,57.5,78.4,38.3,23.3,16.6,155.3,NORMAL
Muj,62,56,81.5,,23.6,16.5,157.8,NORMAL
Muj,58.1,57.8,74.1,42.5,22.2,15.8,157.9,NORMAL
Muj,66.9,59.1,76.5,39.6,23,17,161.2,NORMAL
Muj,54.8,52.6,66.3,38,22,16.5,159,NORMAL
Muj,65.2,60,74.7,43.6,22.8,15.9,,OBESO
Muj,58.1,53.4,76.5,37,23.5,16.9,159.3,NORMAL
Muj,56.5,54.3,69.3,38.8,24,,163.5,NORMAL
Muj,59.3,57.2,76.5,39.5,22.2,16.2,156.1,NORMAL
Muj,51.7,56.9,72,38.2,21,15.7,153.1,NORMAL
Muj,51.7,54.4,62.1,36.8,22,15.9,154.8,NORMAL
Muj,69.6,64.1,90.4,44,22.3,16,152.2,OBESO
Muj,54.2,53.1,70.1,38.3,23.8,17,150.4,NORMAL
Muj,78.6,66.2,86.4,44.6,23.6,17.9,160.7,OBESO
Muj,56.9,56,72.4,41,23,16.7,151.4,NORMAL
Muj,56.9,53.1,80.2,40.5,22.7,16.1,151.6,NORMAL
Muj,47.1,49,,33.7,22.4,16.8,156.2,DELGADO
Muj,60.4,55.4,72.5,39.7,24,17.5,166.4,NORMAL
Muj,62.7,59.5,68.6,42,25.2,18.2,165.5,NORMAL
Muj,53.2,54.4,66.1,40.2,22.8,16.5,154.8,NORMAL
Muj,74.5,64.4,87.7,40.9,23.6,16.6,157,OBESO
Muj,53.6,54.3,67.3,35.9,22.7,16.5,160.9,NORMAL
Muj,54.5,50.4,75.2,36.8,22.9,16.4,150.4,NORMAL
Muj,46.8,49.3,70.4,31.8,20.6,15.7,144.1,NORMAL
Muj,62.7,59.2,74.9,38.2,23.1,17.1,157.4,NORMAL
Muj,72.1,62.3,93.6,36.5,22.5,16.5,152,OBESO
Muj,75.8,60.2,88.4,39,25.4,18.6,165.8,NORMAL
Muj,53.6,56.4,72.7,34,22.6,16.4,145.5,NORMAL
Muj,71,60.1,93.4,35.8,22.7,17.3,157.4,OBESO
Muj,67.7,56.8,91.9,36.6,20.6,16,148.1,OBESO
Muj,57.2,51.5,76.6,33.7,22.8,16.3,147.4,NORMAL
Muj,55.1,51.8,80.7,30.5,22,16.8,145.8,NORMAL
Muj,68.3,59.9,79.8,37.1,23.7,17.1,153.4,OBESO
Muj,65.4,58.3,84,35.1,23.5,17.2,157.5,NORMAL
Muj,66.1,57.7,79.6,35.8,23.7,17,161.3,NORMAL
Muj,67.7,57.5,96.3,36.8,23.4,16.6,151,OBESO
Muj,59.8,55.6,80.3,33.9,23.6,16.9,152.8,NORMAL
Muj,48,49,65.1,31.1,22.9,17,154,NORMAL
Muj,58.9,61.8,80.3,36.8,22.4,16.1,149.4,NORMAL
Muj,70.8,66.5,93.2,40.4,21.5,16.5,146.6,OBESO
Muj,68.2,60.5,93.3,34.5,24.1,18.5,161.3,NORMAL
Muj,70.4,62.5,84,37.5,23.4,16.9,154.4,OBESO
Muj,73.3,64.8,95,38.1,22.6,16.6,149.7,OBESO
Muj,58.3,56.6,82.1,32.7,22.5,16.6,146.7,NORMAL
Muj,50.3,49.6,71,32.8,21.9,15.5,151.4,NORMAL
Muj,53.5,54.6,74.8,33.2,23.7,17.6,163.6,NORMAL
Muj,53.5,51.5,74.4,31.9,23.6,16.6,152.1,NORMAL
Muj,,56,84.5,35.2,22.7,16.8,156.1,NORMAL
Muj,56.1,58,69.1,34.3,23.2,17.3,153.3,NORMAL
Muj,59.1,55.4,82.6,34.1,21.6,16.2,152.6,NORMAL
Muj,53,60.5,69.8,35.4,24.3,17.6,157.6,NORMAL
Muj,58,54.1,80.2,33.9,22.6,16.2,147.4,NORMAL
Muj,66.5,56.1,86.4,35.7,22.5,16.8,147.7,OBESO
Muj,44.2,49.2,60.7,32.2,22.1,16.5,156.3,DELGADO
Muj,49.1,51.5,70.3,33.3,22,16.4,156.3,NORMAL
Muj,51.4,54.6,65.9,32.9,21.6,15.8,150.3,NORMAL
Muj,56.5,54.4,69.4,33.6,20.6,15.5,152.1,NORMAL
Muj,54.5,56.9,77.1,34.2,21.1,15.2,152.6,NORMAL
Muj,79.7,,104.1,37.4,22.2,16.1,154.5,OBESO
Muj,61.3,56,74.3,33.7,23.4,16.8,159.4,NORMAL
Muj,50.8,50.4,70.1,31.9,21.9,15.9,150.8,NORMAL
Muj,54.5,55.1,77.5,34.1,21.9,15.6,145.5,NORMAL
Muj,46.2,49.4,62.1,30.8,22,16.2,151.4,NORMAL
Muj,64.3,59,74.3,35.1,24,16.6,161.7,NORMAL
Muj,47.7,49.9,68.2,32.5,21.7,16,155.8,DELGADO
Muj,49.4,53.2,67.5,31.7,22.7,16,153.1,NORMAL
Muj,56.7,59,65.1,38.2,23.8,16.8,160.7,NORMAL
Muj,65.7,62.4,85.3,37.5,22.5,15.9,156.3,NORMAL
Muj,46.4,50.5,70.6,29.9,21.1,16,144.8,NORMAL
Muj,59.3,54.1,74.8,36.6,23.6,17.5,159.3,NORMAL
Muj,53.7,56.9,63.7,37.8,23,15.5,155.6,NORMAL
Muj,60,61.2,76.3,38.5,23.3,16.6,156.8,NORMAL
Muj,54.8,59.3,70.4,39.3,22.1,15.1,149.5,NORMAL
Muj,54.5,54.5,69.9,36,23.5,16,159.5,NORMAL
Muj,63.6,60.4,73.4,39.1,23.6,17.2,158.3,NORMAL
Muj,50.2,47.3,69.1,33,22.6,16.1,157.1,NORMAL
Muj,55.9,52.7,68.9,36.2,23.3,16.7,162.3,NORMAL
Muj,66.7,66.8,79.9,41.5,23.5,17.1,155.7,NORMAL
Muj,74.3,66.3,74.8,41.2,23.5,17.6,169.6,NORMAL
Muj,68.9,60.1,76.7,38.4,24,16.9,164,NORMAL
Muj,49.6,53,65.2,35.4,23.4,16.6,154.6,NORMAL
Muj,52,55.4,67.2,36.5,22.2,16.5,152,NORMAL
Muj,42.3,47.6,60.2,31.4,21.5,15.1,147.9,DELGADO
Muj,55.3,55.2,73.6,36,21,15.7,148.8,NORMAL
Muj,50.9,54.1,66,36.3,21.7,15.9,151.5,NORMAL
Muj,48.9,51.2,61.5,34,22.6,16.3,157.9,DELGADO
Muj,63.5,61.3,76.7,39,22.2,16.4,153,NORMAL
Muj,61,61.3,71,38.4,23,17.4,157.9,NORMAL
Muj,46.7,48.1,62.5,32.4,23.5,,156.7,DELGADO
Muj,49.2,52.8,66.2,34.7,21.4,15.7,149.9,NORMAL
Muj,56,53.5,67.3,34.4,23.2,17.3,160.4,NORMAL
Muj,61.5,57.5,70.3,37.3,23,16.1,,NORMAL